f	Passivity_index
1.000000000000000000e+00	-3.160341784446824877e-03
2.000000000000000000e+00	-3.476960053538757055e-03
3.000000000000000000e+00	-3.865388893698863161e-03
4.000000000000000000e+00	-4.094403987273605681e-03
5.000000000000000000e+00	-4.224667832912463485e-03
6.000000000000000000e+00	-4.274626865782456264e-03
7.000000000000000000e+00	-4.280058093220700903e-03
8.000000000000000000e+00	-4.291437713899868417e-03
9.000000000000000000e+00	-4.273342060800800445e-03
1.000000000000000000e+01	-4.264988072841400385e-03
1.100000000000000000e+01	-4.252816081810885732e-03
1.200000000000000000e+01	-4.236912668173089570e-03
1.300000000000000000e+01	-4.216400788008284849e-03
1.400000000000000000e+01	-4.190869673026986417e-03
1.500000000000000000e+01	-4.160805128495989082e-03
1.600000000000000000e+01	-4.127535958598345552e-03
1.700000000000000000e+01	-4.091513661376769070e-03
1.800000000000000000e+01	-4.053940946104538263e-03
1.900000000000000000e+01	-4.015195717915480585e-03
2.000000000000000000e+01	-3.976388179794592380e-03
2.100000000000000000e+01	-3.938112850994953014e-03
2.200000000000000000e+01	-3.899852335918171844e-03
2.300000000000000000e+01	-3.862049184399124219e-03
2.400000000000000000e+01	-3.824064164141150173e-03
2.500000000000000000e+01	-3.784525321912206915e-03
2.600000000000000000e+01	-3.740156199085260987e-03
2.700000000000000000e+01	-3.686419082614071641e-03
2.800000000000000000e+01	-3.615529584295450270e-03
2.900000000000000000e+01	-3.515755358834359977e-03
3.000000000000000000e+01	-3.372393597480015555e-03
3.100000000000000000e+01	-3.173108954057577737e-03
3.200000000000000000e+01	-2.918772431882624748e-03
3.300000000000000000e+01	-2.644195016669519289e-03
3.400000000000000000e+01	-2.414723219772038371e-03
3.500000000000000000e+01	-2.284215043676859902e-03
3.600000000000000000e+01	-2.202455232064657285e-03
3.700000000000000000e+01	-2.044716814202184214e-03
3.800000000000000000e+01	-1.817457954449498789e-03
3.900000000000000000e+01	-1.605749134893541281e-03
4.000000000000000000e+01	-1.443979326501997713e-03
4.100000000000000000e+01	-1.326259731030172799e-03
4.200000000000000000e+01	-1.234773878071303808e-03
4.300000000000000000e+01	-1.161657426590753141e-03
4.400000000000000000e+01	-1.106350524134302668e-03
4.500000000000000000e+01	-1.054046711636717325e-03
4.600000000000000000e+01	-1.014027766498299321e-03
4.700000000000000000e+01	-9.738818300743004282e-04
4.800000000000000000e+01	-9.388626755868030235e-04
4.900000000000000000e+01	-9.073413748414222097e-04
5.100000000000000000e+01	-8.564526062894254081e-04
5.200000000000000000e+01	-8.386565495123628200e-04
5.300000000000000000e+01	-8.206173216676666176e-04
5.400000000000000000e+01	-8.043083235599705894e-04
5.500000000000000000e+01	-7.923868497872621095e-04
5.600000000000000000e+01	-7.865412037537677405e-04
5.700000000000000000e+01	-7.810823097990051344e-04
5.800000000000000000e+01	-7.757617709940229939e-04
5.900000000000000000e+01	-7.764367280987627363e-04
6.000000000000000000e+01	-7.795805266623305951e-04
6.100000000000000000e+01	-7.840657388420145014e-04
6.200000000000000000e+01	-7.931403054046063479e-04
6.300000000000000000e+01	-8.025101342323086306e-04
6.400000000000000000e+01	-8.154063365803533971e-04
6.500000000000000000e+01	-8.304488299925126679e-04
6.600000000000000000e+01	-8.463899618210053450e-04
6.700000000000000000e+01	-8.644941537220959728e-04
6.800000000000000000e+01	-8.837316526561585141e-04
6.900000000000000000e+01	-9.035819252043797781e-04
7.000000000000000000e+01	-9.251524933268326671e-04
7.100000000000000000e+01	-9.465157651316323008e-04
7.200000000000000000e+01	-9.686838127399174892e-04
7.300000000000000000e+01	-9.909856790772163335e-04
7.400000000000000000e+01	-1.012943198944578349e-03
7.500000000000000000e+01	-1.034455351320528104e-03
7.600000000000000000e+01	-1.055435028340709520e-03
7.700000000000000000e+01	-1.074844255336514015e-03
7.800000000000000000e+01	-1.092886748700997628e-03
7.900000000000000000e+01	-1.108586600784888581e-03
8.000000000000000000e+01	-1.121663789566318750e-03
8.100000000000000000e+01	-1.131207414878617531e-03
8.200000000000000000e+01	-1.136962280279090560e-03
8.300000000000000000e+01	-1.139705793310312378e-03
8.400000000000000000e+01	-1.140118553762424231e-03
8.500000000000000000e+01	-1.139232581059513661e-03
8.600000000000000000e+01	-1.143150941752261356e-03
8.700000000000000000e+01	-1.157700394900862883e-03
8.800000000000000000e+01	-1.185427277511389701e-03
8.900000000000000000e+01	-1.233378822727753581e-03
9.000000000000000000e+01	-1.311748081752398855e-03
9.100000000000000000e+01	-1.421841053111597879e-03
9.200000000000000000e+01	-1.570693685995004250e-03
9.300000000000000000e+01	-1.762798052374759360e-03
9.400000000000000000e+01	-2.003103861911148791e-03
9.500000000000000000e+01	-2.293749189119773102e-03
9.600000000000000000e+01	-2.628715502531556083e-03
9.700000000000000000e+01	-3.005305339523590448e-03
9.800000000000000000e+01	-3.415118824125375555e-03
9.900000000000000000e+01	-3.838670730345469621e-03
1.000000000000000000e+02	-4.262552180055551379e-03
1.020000000000000000e+02	-5.052847867332540925e-03
1.030000000000000000e+02	-5.395863207369229302e-03
1.040000000000000000e+02	-5.706554036908223840e-03
1.050000000000000000e+02	-5.972894280888927862e-03
1.060000000000000000e+02	-6.203651239139967508e-03
1.070000000000000000e+02	-6.400135915360144825e-03
1.080000000000000000e+02	-6.564226292325052448e-03
1.090000000000000000e+02	-6.700817972368295662e-03
1.100000000000000000e+02	-6.812603509385435283e-03
1.120000000000000000e+02	-6.974853161035599394e-03
1.130000000000000000e+02	-7.031406916121898422e-03
1.140000000000000000e+02	-7.074234642523702203e-03
1.150000000000000000e+02	-7.104556736209733520e-03
1.160000000000000000e+02	-7.125605541079125214e-03
1.170000000000000000e+02	-7.136910249326569589e-03
1.190000000000000000e+02	-7.138953507098194130e-03
1.200000000000000000e+02	-7.131002795673537474e-03
1.210000000000000000e+02	-7.117858088821676053e-03
1.220000000000000000e+02	-7.100758647777350406e-03
1.230000000000000000e+02	-7.080349237467367489e-03
1.250000000000000000e+02	-7.029423718330682185e-03
1.260000000000000000e+02	-7.000708123641057913e-03
1.270000000000000000e+02	-6.969379638247666028e-03
1.280000000000000000e+02	-6.936950540846848097e-03
1.290000000000000000e+02	-6.903003990317175056e-03
1.310000000000000000e+02	-6.830923244264136725e-03
1.320000000000000000e+02	-6.793876938754913122e-03
1.330000000000000000e+02	-6.756195099521758451e-03
1.340000000000000000e+02	-6.717359891655959141e-03
1.360000000000000000e+02	-6.638633975006118931e-03
1.370000000000000000e+02	-6.597947080224868255e-03
1.380000000000000000e+02	-6.557222148236838306e-03
1.390000000000000000e+02	-6.515698464546224727e-03
1.410000000000000000e+02	-6.429219214008215569e-03
1.420000000000000000e+02	-6.384719142685632912e-03
1.430000000000000000e+02	-6.339044342865428165e-03
1.440000000000000000e+02	-6.291397525340695213e-03
1.460000000000000000e+02	-6.191933637584959814e-03
1.470000000000000000e+02	-6.163102535869835648e-03
1.480000000000000000e+02	-6.056317952352788941e-03
1.490000000000000000e+02	-5.991311332669845696e-03
1.510000000000000000e+02	-5.885131587217154285e-03
1.520000000000000000e+02	-5.806391054283406052e-03
1.530000000000000000e+02	-5.841528047830461291e-03
1.550000000000000000e+02	-5.667320562950228964e-03
1.560000000000000000e+02	-5.604613924862949723e-03
1.570000000000000000e+02	-5.541279377627149685e-03
1.590000000000000000e+02	-5.415610263926625735e-03
1.600000000000000000e+02	-5.353061553725157844e-03
1.610000000000000000e+02	-5.290589295223004085e-03
1.620000000000000000e+02	-5.228656305796030787e-03
1.640000000000000000e+02	-5.105948366214071998e-03
1.650000000000000000e+02	-5.044839409902887421e-03
1.660000000000000000e+02	-4.984361150363664748e-03
1.680000000000000000e+02	-4.863988507245669592e-03
1.690000000000000000e+02	-4.804385550465061980e-03
1.710000000000000000e+02	-4.685510838230459371e-03
1.720000000000000000e+02	-4.626390281044385870e-03
1.730000000000000000e+02	-4.567507736537933238e-03
1.750000000000000000e+02	-4.450476741493679042e-03
1.760000000000000000e+02	-4.391956164896568433e-03
1.770000000000000000e+02	-4.333952577078919663e-03
1.790000000000000000e+02	-4.218286972927201388e-03
1.800000000000000000e+02	-4.160959012867053441e-03
1.810000000000000000e+02	-4.103884743165728960e-03
1.830000000000000000e+02	-3.990021275368587153e-03
1.840000000000000000e+02	-3.933766409255782040e-03
1.860000000000000000e+02	-3.822155124490424737e-03
1.870000000000000000e+02	-3.766575135654432437e-03
1.880000000000000000e+02	-3.711631912310909068e-03
1.900000000000000000e+02	-3.602648416856828097e-03
1.910000000000000000e+02	-3.548909169052120224e-03
1.920000000000000000e+02	-3.495584322285909696e-03
1.940000000000000000e+02	-3.389802681822433935e-03
1.950000000000000000e+02	-3.337811615622069371e-03
1.970000000000000000e+02	-3.235226695128928711e-03
1.980000000000000000e+02	-3.184422489527442141e-03
1.990000000000000000e+02	-3.134376333227471573e-03
2.010000000000000000e+02	-3.035641285219036270e-03
2.020000000000000000e+02	-2.987236793477622901e-03
2.040000000000000000e+02	-2.891703315562057629e-03
2.050000000000000000e+02	-2.844869484652507233e-03
2.070000000000000000e+02	-2.752677233008018077e-03
2.080000000000000000e+02	-2.707682571358729310e-03
2.090000000000000000e+02	-2.662955848879043283e-03
2.110000000000000000e+02	-2.575616738034534284e-03
2.120000000000000000e+02	-2.532618185680284018e-03
2.140000000000000000e+02	-2.448816337808760058e-03
2.150000000000000000e+02	-2.407812147734153096e-03
2.170000000000000000e+02	-2.327281298287566143e-03
2.180000000000000000e+02	-2.288041123790396543e-03
2.200000000000000000e+02	-2.211312830747852454e-03
2.210000000000000000e+02	-2.173634746138610775e-03
2.220000000000000000e+02	-2.136727058255101421e-03
2.240000000000000000e+02	-2.064484631774295316e-03
2.250000000000000000e+02	-2.029334585613386602e-03
2.270000000000000000e+02	-1.960430759949861705e-03
2.280000000000000000e+02	-1.926905276648789187e-03
2.300000000000000000e+02	-1.861304084847280500e-03
2.310000000000000000e+02	-1.829446909607057624e-03
2.330000000000000000e+02	-1.767087204295586175e-03
2.340000000000000000e+02	-1.736706637978448252e-03
2.360000000000000000e+02	-1.677410650480286444e-03
2.370000000000000000e+02	-1.648603928324362264e-03
2.390000000000000000e+02	-1.592182027311206827e-03
2.400000000000000000e+02	-1.564769790687393523e-03
2.420000000000000000e+02	-1.511146737158407987e-03
2.430000000000000000e+02	-1.485128472751056240e-03
2.450000000000000000e+02	-1.434209783837854524e-03
2.460000000000000000e+02	-1.409407700284866878e-03
2.480000000000000000e+02	-1.360997533043542106e-03
2.490000000000000000e+02	-1.337478132081739660e-03
2.510000000000000000e+02	-1.291378476319640558e-03
2.520000000000000000e+02	-1.268983771761629867e-03
2.540000000000000000e+02	-1.225125609935227410e-03
2.550000000000000000e+02	-1.203837444899944278e-03
2.570000000000000000e+02	-1.162135777124052296e-03
2.580000000000000000e+02	-1.141803781364251124e-03
2.600000000000000000e+02	-1.102079039947485590e-03
2.610000000000000000e+02	-1.082760560460414075e-03
2.630000000000000000e+02	-1.044833139185163831e-03
2.640000000000000000e+02	-1.026397009125051265e-03
2.660000000000000000e+02	-9.902289255322733325e-04
2.670000000000000000e+02	-9.726579052423762117e-04
2.690000000000000000e+02	-9.381867857404046314e-04
2.700000000000000000e+02	-9.213553893328436375e-04
2.720000000000000000e+02	-8.884270670242302515e-04
2.730000000000000000e+02	-8.723933890100532898e-04
2.750000000000000000e+02	-8.408591115429133681e-04
2.760000000000000000e+02	-8.255184460307581377e-04
2.780000000000000000e+02	-7.953613412839957101e-04
2.790000000000000000e+02	-7.806948307441318683e-04
2.810000000000000000e+02	-7.518794747048744781e-04
2.830000000000000000e+02	-7.239204953477626665e-04
2.840000000000000000e+02	-7.101694924509837151e-04
2.860000000000000000e+02	-6.834012035419106870e-04
2.870000000000000000e+02	-6.702737709458918541e-04
2.890000000000000000e+02	-6.445188759420076869e-04
2.900000000000000000e+02	-6.319371665435287010e-04
2.920000000000000000e+02	-6.073236711996935887e-04
2.930000000000000000e+02	-5.952027527443173698e-04
2.950000000000000000e+02	-5.715608147627215200e-04
2.970000000000000000e+02	-5.485263607809984189e-04
2.980000000000000000e+02	-5.372867463525988563e-04
3.000000000000000000e+02	-5.136307337242361536e-04
3.010000000000000000e+02	-5.043146844916795470e-04
3.030000000000000000e+02	-4.830260805502019318e-04
3.040000000000000000e+02	-4.726582118348896227e-04
3.060000000000000000e+02	-4.522455699674384172e-04
3.080000000000000000e+02	-4.323922551832593735e-04
3.090000000000000000e+02	-4.226117606234221940e-04
3.110000000000000000e+02	-4.035455660592615298e-04
3.120000000000000000e+02	-3.941768534392604394e-04
3.140000000000000000e+02	-3.757951594139858666e-04
3.150000000000000000e+02	-3.667911266318444881e-04
3.170000000000000000e+02	-3.491680400149374509e-04
3.190000000000000000e+02	-3.319732977784363502e-04
3.200000000000000000e+02	-3.235444998838339701e-04
3.220000000000000000e+02	-3.070205263101964590e-04
3.230000000000000000e+02	-2.989532766101713141e-04
3.250000000000000000e+02	-2.830475624193379107e-04
3.270000000000000000e+02	-2.675777821953611788e-04
3.280000000000000000e+02	-2.599927379710770020e-04
3.300000000000000000e+02	-2.451695788829629918e-04
3.310000000000000000e+02	-2.378671960868750947e-04
3.330000000000000000e+02	-2.236029940742839802e-04
3.350000000000000000e+02	-2.097162030200933134e-04
3.360000000000000000e+02	-2.029403948205567602e-04
3.380000000000000000e+02	-1.895735294060320699e-04
3.390000000000000000e+02	-1.830662416523762086e-04
3.410000000000000000e+02	-1.702426106994383128e-04
3.430000000000000000e+02	-1.578280015523854385e-04
3.440000000000000000e+02	-1.517200529436107221e-04
3.460000000000000000e+02	-1.397984242753612415e-04
3.470000000000000000e+02	-1.339394234687672335e-04
3.490000000000000000e+02	-1.225303327173882890e-04
3.510000000000000000e+02	-1.113857007204687013e-04
3.520000000000000000e+02	-1.059658799402940163e-04
3.540000000000000000e+02	-9.529052675906490594e-05
3.550000000000000000e+02	-9.010415004730479814e-05
3.570000000000000000e+02	-7.991250748191317151e-05
3.590000000000000000e+02	-7.001647301157862431e-05
3.600000000000000000e+02	-6.516440596866741658e-05
3.620000000000000000e+02	-5.572263203292251212e-05
3.640000000000000000e+02	-4.651365300914712199e-05
3.650000000000000000e+02	-4.203890311123495839e-05
3.670000000000000000e+02	-3.323704730813973300e-05
3.680000000000000000e+02	-2.896524693098801806e-05
3.700000000000000000e+02	-2.058016497840181605e-05
3.720000000000000000e+02	-1.244621925000244845e-05
3.730000000000000000e+02	-8.466204632725420412e-06
3.750000000000000000e+02	-7.240131112219590464e-07
3.770000000000000000e+02	6.815901836085577145e-06
3.780000000000000000e+02	1.047713610989147977e-05
3.800000000000000000e+02	1.766814185162064705e-05
3.820000000000000000e+02	2.460120361140494158e-05
3.830000000000000000e+02	2.799852644720402526e-05
3.850000000000000000e+02	3.463017752456291296e-05
3.870000000000000000e+02	4.104349031041965224e-05
3.880000000000000000e+02	4.416078014203737373e-05
3.900000000000000000e+02	5.028681376552939398e-05
3.910000000000000000e+02	5.326127069371068920e-05
3.930000000000000000e+02	5.909454498678683951e-05
3.950000000000000000e+02	6.471543519790233924e-05
3.960000000000000000e+02	6.746606718000904056e-05
3.980000000000000000e+02	7.283586245939387659e-05
4.000000000000000000e+02	7.802430304312029849e-05
4.010000000000000000e+02	8.054356617693666435e-05
4.030000000000000000e+02	8.549592739926656034e-05
4.050000000000000000e+02	9.026994357833108295e-05
4.060000000000000000e+02	9.260830858953493895e-05
4.080000000000000000e+02	9.714440734576985741e-05
4.100000000000000000e+02	1.015407515190450540e-04
4.110000000000000000e+02	1.036944559526568698e-04
4.130000000000000000e+02	1.078759813951367261e-04
4.150000000000000000e+02	1.119138753707377262e-04
4.160000000000000000e+02	1.138927953381409951e-04
4.180000000000000000e+02	1.177405225593648058e-04
4.200000000000000000e+02	1.214692935396716401e-04
4.210000000000000000e+02	1.232756752241981162e-04
4.230000000000000000e+02	1.268123383013672171e-04
4.250000000000000000e+02	1.302440820201455126e-04
4.260000000000000000e+02	1.319134237571017510e-04
4.280000000000000000e+02	1.351597661160645067e-04
4.300000000000000000e+02	1.383143248809842610e-04
4.310000000000000000e+02	1.398462218568404371e-04
4.330000000000000000e+02	1.428458393606309997e-04
4.350000000000000000e+02	1.457324267969855095e-04
4.360000000000000000e+02	1.471431893066434376e-04
4.380000000000000000e+02	1.499040523459770199e-04
4.400000000000000000e+02	1.525632551773519418e-04
4.410000000000000000e+02	1.538538396439695789e-04
4.430000000000000000e+02	1.563897293331120480e-04
4.450000000000000000e+02	1.588353255210353315e-04
4.470000000000000000e+02	1.612062006604117091e-04
4.480000000000000000e+02	1.623531126538077052e-04
4.500000000000000000e+02	1.646018981836487724e-04
4.520000000000000000e+02	1.667842016865412550e-04
4.530000000000000000e+02	1.678439524298931576e-04
4.550000000000000000e+02	1.699049971771857863e-04
4.570000000000000000e+02	1.719076980787982234e-04
4.580000000000000000e+02	1.728811002408663620e-04
4.600000000000000000e+02	1.747845444976887030e-04
4.620000000000000000e+02	1.766150442635315359e-04
4.630000000000000000e+02	1.775092456762508925e-04
4.650000000000000000e+02	1.792614811958281418e-04
4.670000000000000000e+02	1.809465065360550153e-04
4.690000000000000000e+02	1.825712611509474627e-04
4.700000000000000000e+02	1.833687444045657363e-04
4.720000000000000000e+02	1.849166450765043958e-04
4.740000000000000000e+02	1.864150881105791050e-04
4.750000000000000000e+02	1.871390075717876099e-04
4.770000000000000000e+02	1.885573406202757500e-04
4.790000000000000000e+02	1.899356965625059344e-04
4.800000000000000000e+02	1.906030152279701345e-04
4.820000000000000000e+02	1.918992199895270157e-04
4.840000000000000000e+02	1.931585769824748151e-04
4.860000000000000000e+02	1.943711160291852964e-04
4.870000000000000000e+02	1.949642384605604058e-04
4.890000000000000000e+02	1.961098703593264149e-04
4.910000000000000000e+02	1.972179159734350053e-04
4.920000000000000000e+02	1.977640668879679419e-04
4.940000000000000000e+02	1.988140770007605694e-04
4.960000000000000000e+02	1.998223594775621096e-04
4.980000000000000000e+02	2.008010396927186662e-04
4.990000000000000000e+02	2.012759336970877720e-04
5.010000000000000000e+02	2.022023293831598934e-04
5.030000000000000000e+02	2.030867029439142586e-04
5.040000000000000000e+02	2.035182069854422123e-04
5.060000000000000000e+02	2.043639987317268721e-04
5.080000000000000000e+02	2.051714019655098459e-04
5.100000000000000000e+02	2.059452018513204831e-04
5.110000000000000000e+02	2.063239380224246643e-04
5.130000000000000000e+02	2.070570710209703206e-04
5.150000000000000000e+02	2.077614596748015782e-04
5.160000000000000000e+02	2.080993844631118738e-04
5.180000000000000000e+02	2.087599446750079625e-04
5.200000000000000000e+02	2.093992952434311897e-04
5.220000000000000000e+02	2.100064631296208841e-04
5.230000000000000000e+02	2.102977062137371164e-04
5.250000000000000000e+02	2.108678778837629975e-04
5.270000000000000000e+02	2.114135527442435002e-04
5.290000000000000000e+02	2.119346957132755844e-04
5.300000000000000000e+02	2.121831792465692318e-04
5.320000000000000000e+02	2.126687825794401382e-04
5.340000000000000000e+02	2.131352051772784722e-04
5.350000000000000000e+02	2.133581114529810394e-04
5.370000000000000000e+02	2.137846414278660200e-04
5.390000000000000000e+02	2.141931376932345275e-04
5.410000000000000000e+02	2.145813642785117446e-04
5.420000000000000000e+02	2.147676581366638859e-04
5.440000000000000000e+02	2.151219234848298690e-04
5.460000000000000000e+02	2.154584720664686750e-04
5.480000000000000000e+02	2.157795089462773836e-04
5.490000000000000000e+02	2.159312831025416704e-04
5.510000000000000000e+02	2.162180620540311664e-04
5.530000000000000000e+02	2.164890400085491744e-04
5.550000000000000000e+02	2.167435050855875121e-04
5.560000000000000000e+02	2.168634509343829605e-04
5.580000000000000000e+02	2.170884128448998061e-04
5.600000000000000000e+02	2.172982645642562369e-04
5.610000000000000000e+02	2.174002437305161829e-04
5.630000000000000000e+02	2.175854414504208533e-04
5.650000000000000000e+02	2.177522489823389897e-04
5.670000000000000000e+02	2.179049761204968701e-04
5.680000000000000000e+02	2.179775177592344158e-04
5.700000000000000000e+02	2.181070977873523977e-04
5.720000000000000000e+02	2.182199647137440758e-04
5.740000000000000000e+02	2.183204539012229602e-04
5.750000000000000000e+02	2.183679175552459941e-04
5.770000000000000000e+02	2.184467138788566789e-04
5.790000000000000000e+02	2.185093824417340207e-04
5.810000000000000000e+02	2.185592362288619171e-04
5.820000000000000000e+02	2.185814224404658275e-04
5.840000000000000000e+02	2.186110089983827253e-04
5.860000000000000000e+02	2.186263880536944604e-04
5.880000000000000000e+02	2.186309659927476105e-04
5.890000000000000000e+02	2.186305817493746240e-04
5.910000000000000000e+02	2.186160486931392377e-04
5.930000000000000000e+02	2.185872417709516335e-04
5.950000000000000000e+02	2.185466346796029180e-04
5.960000000000000000e+02	2.185244481033675327e-04
5.980000000000000000e+02	2.184659207563211935e-04
6.000000000000000000e+02	2.183952367318176327e-04
6.020000000000000000e+02	2.183150282830339140e-04
6.030000000000000000e+02	2.182723370122199023e-04
6.050000000000000000e+02	2.181749578996211570e-04
6.070000000000000000e+02	2.180650774297803948e-04
6.090000000000000000e+02	2.179444437345228391e-04
6.110000000000000000e+02	2.178161088855958417e-04
6.120000000000000000e+02	2.177458579252701694e-04
6.140000000000000000e+02	2.175990875689640038e-04
6.160000000000000000e+02	2.174428292601802547e-04
6.180000000000000000e+02	2.172778098161985694e-04
6.190000000000000000e+02	2.171914830182369405e-04
6.210000000000000000e+02	2.170091667030082179e-04
6.230000000000000000e+02	2.168167768255323323e-04
6.250000000000000000e+02	2.166181228681200483e-04
6.260000000000000000e+02	2.165130083984547209e-04
6.280000000000000000e+02	2.162975075735927544e-04
6.300000000000000000e+02	2.160739986987572680e-04
6.320000000000000000e+02	2.158422142703527607e-04
6.330000000000000000e+02	2.157231235385206891e-04
6.350000000000000000e+02	2.154756466512612579e-04
6.370000000000000000e+02	2.152191436500140850e-04
6.390000000000000000e+02	2.149576725526739212e-04
6.410000000000000000e+02	2.146844595411792319e-04
6.420000000000000000e+02	2.145442173566602831e-04
6.440000000000000000e+02	2.142607242510895737e-04
6.460000000000000000e+02	2.139692759707139975e-04
6.480000000000000000e+02	2.136691643865987786e-04
6.490000000000000000e+02	2.135152801475187945e-04
6.510000000000000000e+02	2.132018386154669123e-04
6.530000000000000000e+02	2.128840028109262321e-04
6.550000000000000000e+02	2.125555653545520599e-04
6.560000000000000000e+02	2.123883075727855323e-04
6.580000000000000000e+02	2.120508309988018659e-04
6.600000000000000000e+02	2.117065359952426649e-04
6.620000000000000000e+02	2.113547727835822932e-04
6.640000000000000000e+02	2.109946840053841723e-04
6.650000000000000000e+02	2.108114014566463395e-04
6.670000000000000000e+02	2.104438829262317377e-04
6.690000000000000000e+02	2.100669675908119075e-04
6.710000000000000000e+02	2.096839327642109813e-04
6.720000000000000000e+02	2.094908673489339148e-04
6.740000000000000000e+02	2.091006288878622104e-04
6.760000000000000000e+02	2.087034446449880084e-04
6.780000000000000000e+02	2.082989374423725791e-04
6.800000000000000000e+02	2.078883135224104657e-04
6.810000000000000000e+02	2.076834639456821483e-04
6.830000000000000000e+02	2.072644528853554921e-04
6.850000000000000000e+02	2.068401029964445624e-04
6.870000000000000000e+02	2.064120024626745430e-04
6.890000000000000000e+02	2.059795061656622686e-04
6.900000000000000000e+02	2.057611737753603639e-04
6.920000000000000000e+02	2.053188948418811105e-04
6.940000000000000000e+02	2.048716467084466387e-04
6.960000000000000000e+02	2.044224534423963447e-04
6.970000000000000000e+02	2.041943248016644496e-04
6.990000000000000000e+02	2.037356887726836634e-04
7.010000000000000000e+02	2.032739662065798493e-04
7.030000000000000000e+02	2.028093003016108919e-04
7.050000000000000000e+02	2.023391674950043861e-04
7.060000000000000000e+02	2.021013437683735715e-04
7.080000000000000000e+02	2.016238600792358358e-04
7.100000000000000000e+02	2.011456590837095782e-04
7.120000000000000000e+02	2.006609711108545114e-04
7.140000000000000000e+02	2.001725847812149412e-04
7.150000000000000000e+02	1.999280156695588452e-04
7.170000000000000000e+02	1.994375918328271120e-04
7.190000000000000000e+02	1.989426266741819147e-04
7.210000000000000000e+02	1.984429479644784350e-04
7.220000000000000000e+02	1.981918278858770812e-04
7.240000000000000000e+02	1.976906958607197264e-04
7.260000000000000000e+02	1.971845178538223116e-04
7.280000000000000000e+02	1.966751902314963776e-04
7.300000000000000000e+02	1.961650574222377171e-04
7.310000000000000000e+02	1.959107731579443372e-04
7.330000000000000000e+02	1.953970545621593828e-04
7.350000000000000000e+02	1.948795926295033209e-04
7.370000000000000000e+02	1.943606500179986037e-04
7.390000000000000000e+02	1.938422063193207098e-04
7.400000000000000000e+02	1.935807965342051305e-04
7.420000000000000000e+02	1.930567141184387156e-04
7.440000000000000000e+02	1.925324924097857222e-04
7.460000000000000000e+02	1.920088017269072427e-04
7.480000000000000000e+02	1.914817428386973654e-04
7.490000000000000000e+02	1.912160545980121670e-04
7.510000000000000000e+02	1.906857963437782273e-04
7.530000000000000000e+02	1.901573438935035064e-04
7.550000000000000000e+02	1.896250858451283298e-04
7.570000000000000000e+02	1.890910540292763424e-04
7.580000000000000000e+02	1.888248221838293535e-04
7.600000000000000000e+02	1.882936820430370327e-04
7.620000000000000000e+02	1.877596544379110514e-04
7.640000000000000000e+02	1.872229464381438028e-04
7.660000000000000000e+02	1.866866155842175602e-04
7.670000000000000000e+02	1.864207113181306119e-04
7.690000000000000000e+02	1.858838744936260545e-04
7.710000000000000000e+02	1.853455901876518508e-04
7.730000000000000000e+02	1.848093139124791257e-04
7.750000000000000000e+02	1.842751897422693615e-04
7.770000000000000000e+02	1.837386584088817449e-04
7.780000000000000000e+02	1.834685376518750601e-04
7.800000000000000000e+02	1.829308183058203608e-04
7.820000000000000000e+02	1.823962090671745763e-04
7.840000000000000000e+02	1.818590173857767458e-04
7.860000000000000000e+02	1.813209946926093723e-04
7.870000000000000000e+02	1.810533330246182201e-04
7.890000000000000000e+02	1.805204434675161131e-04
7.910000000000000000e+02	1.799855321775199800e-04
7.930000000000000000e+02	1.794488764810213269e-04
7.950000000000000000e+02	1.789138920326246594e-04
7.960000000000000000e+02	1.786491001218493862e-04
7.980000000000000000e+02	1.781151769786011108e-04
8.000000000000000000e+02	1.775805674947252748e-04
8.020000000000000000e+02	1.770491092791134870e-04
8.040000000000000000e+02	1.765210544039520595e-04
8.050000000000000000e+02	1.762562500214284072e-04
8.070000000000000000e+02	1.757245059404518737e-04
8.090000000000000000e+02	1.751947646462444512e-04
8.110000000000000000e+02	1.746692447710684491e-04
8.130000000000000000e+02	1.741416654503224212e-04
8.150000000000000000e+02	1.736137355811647517e-04
8.160000000000000000e+02	1.733516358406978028e-04
8.180000000000000000e+02	1.728306121003871511e-04
8.200000000000000000e+02	1.723079742112470895e-04
8.220000000000000000e+02	1.717841513671977682e-04
8.240000000000000000e+02	1.712628435376073737e-04
8.250000000000000000e+02	1.710051730580431631e-04
8.270000000000000000e+02	1.704858954301909102e-04
8.290000000000000000e+02	1.699663486148116521e-04
8.310000000000000000e+02	1.694506847504016430e-04
8.330000000000000000e+02	1.689391133087026202e-04
8.350000000000000000e+02	1.684261875639148694e-04
8.360000000000000000e+02	1.681681303091192147e-04
8.380000000000000000e+02	1.676561444691475236e-04
8.400000000000000000e+02	1.671486655630514690e-04
8.420000000000000000e+02	1.666398324629294833e-04
8.440000000000000000e+02	1.661310282441677999e-04
8.450000000000000000e+02	1.658786018983189191e-04
8.470000000000000000e+02	1.653842573531236215e-04
8.490000000000000000e+02	1.648834570792241335e-04
8.550000000000000000e+02	1.633727946130127118e-04
8.650000000000000000e+02	1.609027952291460547e-04
8.760000000000000000e+02	1.582518843257361334e-04
8.860000000000000000e+02	1.558732510222883539e-04
8.970000000000000000e+02	1.533011017423703082e-04
9.080000000000000000e+02	1.507967800245327554e-04
9.190000000000000000e+02	1.483668900954159746e-04
9.300000000000000000e+02	1.459740114172487335e-04
9.410000000000000000e+02	1.436164878774235482e-04
9.530000000000000000e+02	1.411216465612250167e-04
9.640000000000000000e+02	1.389119465141640556e-04
9.760000000000000000e+02	1.365420665869225211e-04
9.880000000000000000e+02	1.342225879194816835e-04
1.000000000000000000e+03	1.319846732882195585e-04
