f	max_sigma_G1	max_sigma_G2	max_sigma_G1_G2
1.000000000000000000e+00	1.557365875148791565e+04	6.482529994495409564e-01	7.138903857724213594e+03
2.000000000000000000e+00	1.589811531639789246e+04	6.616988214090223641e-01	7.438772888739252267e+03
3.000000000000000000e+00	1.623613078853739353e+04	6.757016224045939712e-01	7.757681424536596751e+03
4.000000000000000000e+00	1.658935829613433816e+04	6.903262143612693968e-01	8.098002823529504894e+03
5.000000000000000000e+00	1.695813300794606766e+04	7.055951730861468318e-01	8.461111301320925122e+03
6.000000000000000000e+00	1.734388192239288765e+04	7.215538549328932572e-01	8.849302385467139175e+03
7.000000000000000000e+00	1.774702055376155113e+04	7.382304529381293889e-01	9.264273445420994904e+03
8.000000000000000000e+00	1.816969245596614201e+04	7.557072388503610627e-01	9.709458841870611650e+03
9.000000000000000000e+00	1.861370904343036455e+04	7.740534581360798416e-01	1.018819823361041745e+04
1.000000000000000000e+01	1.907926661792251252e+04	7.932851013064431411e-01	1.070246535030716768e+04
1.100000000000000000e+01	1.956836762417528007e+04	8.134761338711481438e-01	1.125619485404652551e+04
1.200000000000000000e+01	2.008398677299414703e+04	8.347384924566052522e-01	1.185473419606487732e+04
1.300000000000000000e+01	2.062727789632772328e+04	8.571462725892382561e-01	1.250222924049439644e+04
1.400000000000000000e+01	2.120110700312611880e+04	8.807763597648974319e-01	1.320426125476171728e+04
1.500000000000000000e+01	2.180693296027687029e+04	9.057194510601358495e-01	1.396617905208987577e+04
1.600000000000000000e+01	2.244893407539343389e+04	9.321311359633602800e-01	1.479658207747151027e+04
1.700000000000000000e+01	2.757113162484149143e+04	9.601574797179850407e-01	1.570453297767890399e+04
1.800000000000000000e+01	7.562949702934344532e+04	9.898770102088273459e-01	3.744924290293124795e+04
1.900000000000000000e+01	2.462465710663887876e+04	1.021452752986363954e+00	1.778590094522172149e+04
2.000000000000000000e+01	2.544719951404811582e+04	1.055124743071461202e+00	1.898588940205573817e+04
2.100000000000000000e+01	2.632618720629023301e+04	1.091110519073307916e+00	2.031157151051442634e+04
2.200000000000000000e+01	2.726859824281517649e+04	1.129586882958118377e+00	2.178056388524875729e+04
2.300000000000000000e+01	2.827953661666978223e+04	1.170828722483016948e+00	2.341273867714981679e+04
2.400000000000000000e+01	2.936916497555991373e+04	1.215213859305802169e+00	2.523659012367979813e+04
2.500000000000000000e+01	3.054797167620324035e+04	1.263133641800817664e+00	2.728462521539131194e+04
2.600000000000000000e+01	3.182333229430086794e+04	1.314888785269132221e+00	2.958835869471798287e+04
2.700000000000000000e+01	3.320870969471860735e+04	1.370946107974013506e+00	3.219279348773567472e+04
2.800000000000000000e+01	3.472228243280433526e+04	1.431984849014838357e+00	3.515872442508301174e+04
2.900000000000000000e+01	3.637934358575489023e+04	1.498763616849469793e+00	3.855445202462512680e+04
3.000000000000000000e+01	3.820315403882882674e+04	1.571866247610469003e+00	4.246212450529392663e+04
3.100000000000000000e+01	4.021607189320007456e+04	1.652322723728937737e+00	4.698746679936093278e+04
3.200000000000000000e+01	4.245400112980887934e+04	1.741431487021872337e+00	5.227731985120487661e+04
3.300000000000000000e+01	4.495879036742181779e+04	1.840685443589188619e+00	5.851723849796533614e+04
3.400000000000000000e+01	4.777207079252227413e+04	1.951563752657530904e+00	6.592469478106367751e+04
3.500000000000000000e+01	5.095701640093424794e+04	2.076053636477385833e+00	7.480584896372996445e+04
3.600000000000000000e+01	5.460046683750228840e+04	2.217090660935816526e+00	8.559986322500520328e+04
3.700000000000000000e+01	5.880028267892281292e+04	2.378736456212585004e+00	9.890483571086449956e+04
3.800000000000000000e+01	6.369985987000695604e+04	2.564187539381887593e+00	1.154990147593969305e+05
3.900000000000000000e+01	6.947808185401419178e+04	2.779755003697916838e+00	1.365661048317996610e+05
4.000000000000000000e+01	7.641153671099808707e+04	3.033385416768212828e+00	1.638981156444916269e+05
4.100000000000000000e+01	8.489465627802581002e+04	3.334614480699471972e+00	2.001763204057385447e+05
4.200000000000000000e+01	9.548121279778872849e+04	3.698874467405302902e+00	2.497316701168254076e+05
4.300000000000000000e+01	1.090845905188987526e+05	4.142158128506189918e+00	3.195036649497470353e+05
4.400000000000000000e+01	1.272645782478775800e+05	4.684945043507974027e+00	4.215970686835786328e+05
4.500000000000000000e+01	1.527434499492754112e+05	5.374676861139534800e+00	5.804972801167434081e+05
4.600000000000000000e+01	1.909879628851278976e+05	6.225684150497285962e+00	8.407719422502759844e+05
4.700000000000000000e+01	2.542086787073778978e+05	7.276970588613568935e+00	1.308055156545098405e+06
4.800000000000000000e+01	3.782180544622839661e+05	8.470359612536373817e+00	2.265317288542356808e+06
4.900000000000000000e+01	7.493342693639227655e+05	9.540985418308624233e+00	5.055380328389453702e+06
5.100000000000000000e+01	7.457080385354810860e+05	9.533492108848095725e+00	5.026966272930620238e+06
5.200000000000000000e+01	3.777209064395323512e+05	8.461588190206215998e+00	2.259998327946065459e+06
5.300000000000000000e+01	2.539003041285930667e+05	7.279553354744948024e+00	1.306932925975541584e+06
5.400000000000000000e+01	1.907799192934208550e+05	6.220701363246222471e+00	8.391844502673893003e+05
5.500000000000000000e+01	1.526042457445963810e+05	5.370643245777230845e+00	5.795335092478815932e+05
5.600000000000000000e+01	1.271891789146043302e+05	4.687637641256069188e+00	4.215898124281314667e+05
5.700000000000000000e+01	1.090405544328035467e+05	4.138744538618741586e+00	3.191117519930542330e+05
5.800000000000000000e+01	9.542073319087877462e+04	3.696581342613787680e+00	2.494190007482848014e+05
5.900000000000000000e+01	8.484709086022833071e+04	3.333875803079458855e+00	2.000199241171996109e+05
6.000000000000000000e+01	7.638965921589343634e+04	3.032124789589085712e+00	1.637831144782027986e+05
6.100000000000000000e+01	6.945533837224787567e+04	2.779186226495098389e+00	1.364933368505711260e+05
6.200000000000000000e+01	6.367643053998025425e+04	2.563354307477844429e+00	1.154187120605460368e+05
6.300000000000000000e+01	5.878008416252845927e+04	2.378131028680072756e+00	9.884525509926045197e+04
6.400000000000000000e+01	5.458641047050408815e+04	2.216490214280937732e+00	8.555420639675892016e+04
6.500000000000000000e+01	5.094715283267187624e+04	2.075200526959307457e+00	7.476050865653154324e+04
6.600000000000000000e+01	4.775692912267887004e+04	1.950989216091280731e+00	6.588478439221715962e+04
6.700000000000000000e+01	4.494541051500082540e+04	1.840217363960370278e+00	5.848576684305608069e+04
6.800000000000000000e+01	4.244719486564292311e+04	1.741054492289498379e+00	5.225880382966374600e+04
6.900000000000000000e+01	4.020845477371683955e+04	1.652049305726176920e+00	4.697225117194322229e+04
7.000000000000000000e+01	3.819468485534702631e+04	1.571556486697496924e+00	4.244605564692188636e+04
7.100000000000000000e+01	3.637160056875456939e+04	1.498496360329133470e+00	3.854134872424928471e+04
7.200000000000000000e+01	3.471658185169978242e+04	1.431712743050876924e+00	3.514852816426243953e+04
7.300000000000000000e+01	3.320449442700208601e+04	1.370647215103693917e+00	3.218426727969953936e+04
7.400000000000000000e+01	3.181660345972900177e+04	1.314651858516300287e+00	2.957973285147130446e+04
7.500000000000000000e+01	3.054178841405911226e+04	1.262919053082131704e+00	2.727789979566030888e+04
7.600000000000000000e+01	2.936590654408159025e+04	1.215035337713076702e+00	2.523412506390040653e+04
7.700000000000000000e+01	2.827577000941530059e+04	1.170680475374892726e+00	2.341143990952240711e+04
7.800000000000000000e+01	2.726428220978127501e+04	1.129423875278637857e+00	2.177973088627945617e+04
7.900000000000000000e+01	2.632213145477914441e+04	1.090966690726387300e+00	2.031278304149626638e+04
8.000000000000000000e+01	2.544413137225398896e+04	1.054975957261372388e+00	1.898960137943445443e+04
8.100000000000000000e+01	2.462233512997932485e+04	1.021301939217983623e+00	1.779248054264405800e+04
8.200000000000000000e+01	7.688449960499723966e+04	9.897472989106836927e-01	3.817094865299477533e+04
8.300000000000000000e+01	2.740688891823190716e+04	9.600344881883219328e-01	1.571703930913213844e+04
8.400000000000000000e+01	2.244703414287117266e+04	9.320279533677980899e-01	1.481593282290334537e+04
8.500000000000000000e+01	2.180469515243428395e+04	9.056281125592019476e-01	1.398861000059869912e+04
8.600000000000000000e+01	2.119850105981245724e+04	8.806749503306625648e-01	1.323099413321756037e+04
8.700000000000000000e+01	2.062478767212640014e+04	8.570577370860786859e-01	1.253230851781781894e+04
8.800000000000000000e+01	2.008207400922615125e+04	8.346451615626450105e-01	1.188288726329677047e+04
8.900000000000000000e+01	1.956689986616871829e+04	8.133859749497688307e-01	1.127977198119589775e+04
9.000000000000000000e+01	1.907684889285593817e+04	7.932028205481973515e-01	1.072130971924353798e+04
9.100000000000000000e+01	1.861141607756140365e+04	7.739729784271900392e-01	1.020330276159681671e+04
9.200000000000000000e+01	1.816845047735078697e+04	7.556410044640305967e-01	9.722102673954565034e+03
9.300000000000000000e+01	1.774554012814718226e+04	7.381692605179474009e-01	9.274313840813212664e+03
9.400000000000000000e+01	1.734214022023003781e+04	7.214837785024877936e-01	8.857114286852065561e+03
9.500000000000000000e+01	1.695644933207336726e+04	7.055357879258062903e-01	8.467617383601060283e+03
9.600000000000000000e+01	1.658805258100276842e+04	6.902620706850222110e-01	8.103456026821544583e+03
9.700000000000000000e+01	1.623511909449358427e+04	6.756425219861242892e-01	7.762400617781921937e+03
9.800000000000000000e+01	1.589641116577862704e+04	6.616419741358396944e-01	7.442442309953247786e+03
1.000000000000000000e+02	1.526057469680183567e+04	6.352849087021135155e-01	6.859407027835869485e+03
1.010000000000000000e+02	1.496161119881524792e+04	6.228702414128013398e-01	6.593341881982460109e+03
1.020000000000000000e+02	1.467370984195957499e+04	6.109405041389355251e-01	6.342404362442147431e+03
1.030000000000000000e+02	1.439688370888846111e+04	5.994561210687059383e-01	6.105595083616656666e+03
1.040000000000000000e+02	1.413012001823590617e+04	5.883971897350245284e-01	5.881768099636926308e+03
1.050000000000000000e+02	1.387345724092316959e+04	5.777285594355657805e-01	5.670096116010558944e+03
1.060000000000000000e+02	1.362578420817605547e+04	5.674445995612965588e-01	5.469638535068147576e+03
1.070000000000000000e+02	1.338641948729045544e+04	5.575293051410579181e-01	5.279572027895114843e+03
1.080000000000000000e+02	1.315569344649988852e+04	5.479451623707978225e-01	5.099306231082217892e+03
1.100000000000000000e+02	1.271740862875422135e+04	5.297278950925015106e-01	4.765422321148039373e+03
1.110000000000000000e+02	1.250880561316491548e+04	5.210699199772913515e-01	4.610601149164801427e+03
1.120000000000000000e+02	1.230709290613926532e+04	5.126884076807115553e-01	4.463245965491410971e+03
1.130000000000000000e+02	1.211162645312700442e+04	5.045736603512428475e-01	4.322804485932957505e+03
1.140000000000000000e+02	1.192257719546527551e+04	4.967047326620210868e-01	4.188939300885071134e+03
1.150000000000000000e+02	1.173920409914349148e+04	4.890808573516050584e-01	4.061180028809855230e+03
1.160000000000000000e+02	1.156107780270623516e+04	4.816938953067839702e-01	3.939128367147834069e+03
1.180000000000000000e+02	1.122109494457178880e+04	4.675573278060690119e-01	3.711051641370260768e+03
1.190000000000000000e+02	1.105864126711679273e+04	4.607921590166321746e-01	3.604394041455714614e+03
1.200000000000000000e+02	1.090054087707831241e+04	4.542250464884224903e-01	3.502219445502537837e+03
1.210000000000000000e+02	1.074703002822316557e+04	4.478404151365991126e-01	3.404355453064332778e+03
1.220000000000000000e+02	1.059764556222910687e+04	4.416345549949921567e-01	3.310509684434223800e+03
1.240000000000000000e+02	1.031134137688575538e+04	4.297176249285705740e-01	3.134150474928037966e+03
1.250000000000000000e+02	1.017387301712478438e+04	4.239977707600094403e-01	3.051203432729121232e+03
1.260000000000000000e+02	1.003979463791570561e+04	4.184326441457705270e-01	2.971472817523499089e+03
1.270000000000000000e+02	9.909410548306954297e+03	4.130074223046943938e-01	2.894857839439679083e+03
1.280000000000000000e+02	9.782445403808744231e+03	4.077191846525349828e-01	2.821179180078197533e+03
1.300000000000000000e+02	9.537742245024419390e+03	3.975435844950703790e-01	2.681970410156419803e+03
1.310000000000000000e+02	9.419971794512041015e+03	3.926433838070041427e-01	2.616209936151324655e+03
1.320000000000000000e+02	9.304984561776354894e+03	3.878633067103173238e-01	2.552820986846023970e+03
1.330000000000000000e+02	9.192928597413187163e+03	3.831951205374267699e-01	2.491732413360181454e+03
1.340000000000000000e+02	9.083466448243270861e+03	3.786394871436226661e-01	2.432801279003573654e+03
1.360000000000000000e+02	8.871981115466283882e+03	3.698487552938871659e-01	2.321013546363924888e+03
1.370000000000000000e+02	8.769977338649143348e+03	3.656028953784115076e-01	2.267999664425703486e+03
1.380000000000000000e+02	8.670359045876153687e+03	3.614521286504195907e-01	2.216792101376530809e+03
1.390000000000000000e+02	8.572813956457986933e+03	3.573971617606733764e-01	2.167274309442645972e+03
1.410000000000000000e+02	8.384292309532933359e+03	3.495516977552976523e-01	2.073106092520192306e+03
1.420000000000000000e+02	8.293030139373917336e+03	3.457578444068610812e-01	2.028295378062814052e+03
1.430000000000000000e+02	8.203877642408991960e+03	3.420428062375279188e-01	1.984940960848543000e+03
1.450000000000000000e+02	8.031043600741646515e+03	3.348496289030556405e-01	1.902275110766531725e+03
1.460000000000000000e+02	7.947196546039316672e+03	3.313674300111336679e-01	1.862845086657495813e+03
1.470000000000000000e+02	7.865211991516347553e+03	3.279546093298840725e-01	1.824700550340477548e+03
1.480000000000000000e+02	7.784951840446176902e+03	3.246104208086431631e-01	1.787559083705836201e+03
1.500000000000000000e+02	7.629039835217773543e+03	3.181256165688661763e-01	1.716818120340922633e+03
1.510000000000000000e+02	7.553436499383496994e+03	3.149787459882543161e-01	1.682994962297147140e+03
1.520000000000000000e+02	7.479248793906275750e+03	3.118945155082998855e-01	1.650097575615396863e+03
1.530000000000000000e+02	7.406616579447530057e+03	3.088681045085368004e-01	1.618316004478445848e+03
1.550000000000000000e+02	7.265378233134912080e+03	3.029899798280093481e-01	1.557195877727141806e+03
1.560000000000000000e+02	7.196651232516772325e+03	3.001356839048035519e-01	1.527934080993523139e+03
1.570000000000000000e+02	7.129319162966479780e+03	2.973328277863960811e-01	1.499502091273468295e+03
1.590000000000000000e+02	6.998380247885200333e+03	2.918808071843466134e-01	1.444969767472485501e+03
1.600000000000000000e+02	6.934617651677864160e+03	2.892302650175478385e-01	1.418802114947976634e+03
1.610000000000000000e+02	6.872059683881824640e+03	2.866264288940476579e-01	1.393344716193218119e+03
1.630000000000000000e+02	6.750188805341588704e+03	2.815580920901972206e-01	1.344433750538108825e+03
1.640000000000000000e+02	6.690933064969208317e+03	2.790892205734750720e-01	1.320947151455975472e+03
1.650000000000000000e+02	6.632664525175173367e+03	2.766638900697595549e-01	1.298064762106725084e+03
1.670000000000000000e+02	6.518999337158046728e+03	2.719392412839690687e-01	1.254034222250617404e+03
1.680000000000000000e+02	6.463663325832151713e+03	2.696360469291348982e-01	1.232859570619051283e+03
1.690000000000000000e+02	6.409292030583828819e+03	2.673710175936789279e-01	1.212221181368286580e+03
1.710000000000000000e+02	6.303100594294228358e+03	2.629552717039454479e-01	1.172450954037815563e+03
1.720000000000000000e+02	6.251338595145194631e+03	2.608010329431572627e-01	1.153297750077109868e+03
1.730000000000000000e+02	6.200368505876295785e+03	2.586826935762643331e-01	1.134604762990696145e+03
1.750000000000000000e+02	6.100987212977260242e+03	2.545456492543132221e-01	1.098567526576465752e+03
1.760000000000000000e+02	6.052467093522637697e+03	2.525264386047718079e-01	1.081186851113564899e+03
1.770000000000000000e+02	6.004627853146075722e+03	2.505402088146996831e-01	1.064205738999579353e+03
1.790000000000000000e+02	5.911318371750879123e+03	2.466578818222518732e-01	1.031436444880902854e+03
1.800000000000000000e+02	5.865778255616704882e+03	2.447609589190252732e-01	1.015620510966975417e+03
1.820000000000000000e+02	5.776635169661252803e+03	2.410551355705650156e-01	9.850448855585567571e+02
1.830000000000000000e+02	5.733095932423408158e+03	2.392433246202640695e-01	9.702734646978652790e+02
1.840000000000000000e+02	5.690159584429704410e+03	2.374594915972769726e-01	9.558276142769988155e+02
1.860000000000000000e+02	5.606286062504041183e+03	2.339686396530625268e-01	9.278960899928712251e+02
1.870000000000000000e+02	5.565256448368975725e+03	2.322614584461601128e-01	9.143849572774810213e+02
1.880000000000000000e+02	5.524747831378128467e+03	2.305800325776330983e-01	9.011586807867215612e+02
1.900000000000000000e+02	5.445592220626349445e+03	2.272873996023550003e-01	8.755645904930842107e+02
1.910000000000000000e+02	5.406887906351154925e+03	2.256756900547868816e-01	8.631776330692449619e+02
1.930000000000000000e+02	5.330991779996025798e+03	2.225213801465797947e-01	8.391669232307502853e+02
1.940000000000000000e+02	5.293857664988061515e+03	2.209764443915678833e-01	8.275362897866198182e+02
1.950000000000000000e+02	5.257195173353888094e+03	2.194536812840655049e-01	8.161426041562401679e+02
1.970000000000000000e+02	5.185455445663236787e+03	2.164687176890376097e-01	7.940568403931350758e+02
1.980000000000000000e+02	5.150303472933916055e+03	2.150064876938609926e-01	7.833467473154352092e+02
2.000000000000000000e+02	5.081333207504927486e+03	2.121415125195351137e-01	7.625588943288515793e+02
2.010000000000000000e+02	5.047564238251427014e+03	2.107369825852503653e-01	7.524761729459077060e+02
2.020000000000000000e+02	5.014258762823826146e+03	2.093507162571563440e-01	7.425942026502757471e+02
2.040000000000000000e+02	4.948860293541772990e+03	2.066333437505378789e-01	7.233962557754296085e+02
2.050000000000000000e+02	4.916812240529377959e+03	2.053004393662267724e-01	7.140757773782659115e+02
2.070000000000000000e+02	4.853898060751260346e+03	2.026865195588086754e-01	6.959637043487643950e+02
2.080000000000000000e+02	4.823075024695836873e+03	2.014037839317213696e-01	6.871679265724749257e+02
2.100000000000000000e+02	4.762535159940816811e+03	1.988869295857283448e-01	6.700633883496277576e+02
2.110000000000000000e+02	4.732781883898485830e+03	1.976525208365559061e-01	6.617446648315058155e+02
2.120000000000000000e+02	4.703446211933380255e+03	1.964326502519618822e-01	6.535841286086586024e+02
2.140000000000000000e+02	4.645855314717813599e+03	1.940375627603523612e-01	6.377102689760911289e+02
2.150000000000000000e+02	4.617543314544949681e+03	1.928624149674252330e-01	6.299857243758532377e+02
2.170000000000000000e+02	4.561988920328367385e+03	1.905530409927323476e-01	6.149536699266400319e+02
2.180000000000000000e+02	4.534678550949866803e+03	1.894195963281764261e-01	6.076365730942904975e+02
2.200000000000000000e+02	4.481092520092560335e+03	1.871914530942111188e-01	5.933934372722526405e+02
2.210000000000000000e+02	4.454762726525005746e+03	1.860968875150765534e-01	5.864575182472690358e+02
2.230000000000000000e+02	4.402960537756152007e+03	1.839464706419768059e-01	5.729404261226511608e+02
2.240000000000000000e+02	4.377529065141004139e+03	1.828894443295253636e-01	5.663579119021455881e+02
2.250000000000000000e+02	4.352401484197870559e+03	1.818443865667966619e-01	5.598895570943133180e+02
2.270000000000000000e+02	4.302936295815209633e+03	1.797905224814335123e-01	5.472749503982817032e+02
2.280000000000000000e+02	4.278634671732746938e+03	1.787804493440392217e-01	5.411270792013391429e+02
2.300000000000000000e+02	4.230807996406016173e+03	1.767948243469191216e-01	5.291359687082715482e+02
2.310000000000000000e+02	4.207317618006512021e+03	1.758180508456118341e-01	5.232911819370558533e+02
2.330000000000000000e+02	4.161071296910466117e+03	1.738968386447840297e-01	5.118843857908339601e+02
2.340000000000000000e+02	4.138291999832789770e+03	1.729522798180292698e-01	5.063172079919378348e+02
2.360000000000000000e+02	4.093528988033731821e+03	1.710928318215503008e-01	4.954563232071177481e+02
2.370000000000000000e+02	4.071522105561320132e+03	1.701778689227029240e-01	4.901577224289555375e+02
2.390000000000000000e+02	4.028147662894885798e+03	1.683777638188407033e-01	4.798070407123144037e+02
2.400000000000000000e+02	4.006816992571113133e+03	1.674914537056750863e-01	4.747543165873275939e+02
2.420000000000000000e+02	3.964789198278350796e+03	1.657474320294246017e-01	4.648836216077395989e+02
2.430000000000000000e+02	3.944127713482245326e+03	1.648885890464753812e-01	4.600650545873256192e+02
2.450000000000000000e+02	3.903406398676952449e+03	1.631975838323629913e-01	4.506462440609495275e+02
2.460000000000000000e+02	3.883327091074384043e+03	1.623653618649776309e-01	4.460422032075603056e+02
2.480000000000000000e+02	3.843831774257055258e+03	1.607254500565587774e-01	4.370471190856220005e+02
2.490000000000000000e+02	3.824394996803570393e+03	1.599177360026306505e-01	4.326522892287080708e+02
2.510000000000000000e+02	3.786050320296162226e+03	1.583270863229684355e-01	4.240548020708664581e+02
2.520000000000000000e+02	3.767175301128731917e+03	1.575431358223733092e-01	4.198518626296863090e+02
2.540000000000000000e+02	3.729950778504658501e+03	1.559991377148558789e-01	4.116298666423236341e+02
2.550000000000000000e+02	3.711633110558086173e+03	1.552381050045105459e-01	4.076105477949606666e+02
2.570000000000000000e+02	3.675499408833374218e+03	1.537382930040065709e-01	3.997433853786883446e+02
2.580000000000000000e+02	3.657666925889415324e+03	1.529994878670513092e-01	3.958926746764557834e+02
2.600000000000000000e+02	3.622558609963212803e+03	1.515424114444863801e-01	3.883594235140062665e+02
2.610000000000000000e+02	3.605265249065467287e+03	1.508241395052458134e-01	3.846740015794281931e+02
2.630000000000000000e+02	3.571120970562692492e+03	1.494084088793583565e-01	3.774551657830591580e+02
2.640000000000000000e+02	3.554299428095303938e+03	1.487100578600107359e-01	3.739216772072895765e+02
2.660000000000000000e+02	3.521096881643584766e+03	1.473335484270560658e-01	3.670007868535819284e+02
2.670000000000000000e+02	3.504744375417308675e+03	1.466545226654462075e-01	3.636133163919334379e+02
2.690000000000000000e+02	3.472462022374932985e+03	1.453152215589893492e-01	3.569749156329525590e+02
2.700000000000000000e+02	3.456517144200414350e+03	1.446549473567632360e-01	3.537216940731755699e+02
2.720000000000000000e+02	3.425101535076322762e+03	1.433517432161084404e-01	3.473500011708926536e+02
2.730000000000000000e+02	3.409615748854583671e+03	1.427088352342187616e-01	3.442293080127052463e+02
2.750000000000000000e+02	3.379014177874367761e+03	1.414407035164692017e-01	3.381094498817387830e+02
2.770000000000000000e+02	3.348967363359447063e+03	1.401943548436701825e-01	3.321510355658645608e+02
2.780000000000000000e+02	3.334125417238246882e+03	1.395797951408612181e-01	3.292300168934751810e+02
2.800000000000000000e+02	3.304864290681514831e+03	1.383660162796426507e-01	3.235038730079182301e+02
2.810000000000000000e+02	3.290420771524301017e+03	1.377669465881725952e-01	3.206960000201472667e+02
2.830000000000000000e+02	3.261874517518619541e+03	1.365846235562424293e-01	3.151865676995210492e+02
2.840000000000000000e+02	3.247798362581504989e+03	1.360008376028748189e-01	3.124855768987080751e+02
2.860000000000000000e+02	3.220005449753713037e+03	1.348482325906206480e-01	3.071870023635023017e+02
2.870000000000000000e+02	3.206264736051585260e+03	1.342795671374005795e-01	3.045868728154374594e+02
2.890000000000000000e+02	3.179156716294883154e+03	1.331556567252170642e-01	2.994849594806204891e+02
2.900000000000000000e+02	3.165755915808940244e+03	1.326011448745372523e-01	2.969812988494728643e+02
2.920000000000000000e+02	3.139322132626120947e+03	1.315051987086582053e-01	2.920686843213206316e+02
2.940000000000000000e+02	3.113310608757552018e+03	1.304271961391416657e-01	2.872754995333025363e+02
2.950000000000000000e+02	3.100444505571905665e+03	1.298949809431629854e-01	2.849215241190888719e+02
2.970000000000000000e+02	3.075058920077723542e+03	1.288431219534248717e-01	2.803015430971671549e+02
2.980000000000000000e+02	3.062526617820878073e+03	1.283235157422139561e-01	2.780340269534578965e+02
3.000000000000000000e+02	3.037732701130619262e+03	1.272971660601563693e-01	2.735786091069834924e+02
3.010000000000000000e+02	3.025492139032277919e+03	1.267897874044755790e-01	2.713908339180373446e+02
3.030000000000000000e+02	3.001281319126156177e+03	1.257877224592372223e-01	2.670926531562595869e+02
3.040000000000000000e+02	2.989331578834160155e+03	1.252924178108288933e-01	2.649823708859360636e+02
3.060000000000000000e+02	2.965695507463664853e+03	1.243134693376512778e-01	2.608344858037080485e+02
3.080000000000000000e+02	2.942406698924390639e+03	1.233498915755423253e-01	2.567816778607862034e+02
3.090000000000000000e+02	2.930906643951780097e+03	1.228735341548400500e-01	2.547909332157275060e+02
3.110000000000000000e+02	2.908171088588325347e+03	1.219318838486287832e-01	2.508784003885556046e+02
3.120000000000000000e+02	2.896919128212171472e+03	1.214667138356838039e-01	2.489550660486665663e+02
3.140000000000000000e+02	2.874691363668168833e+03	1.205462592773629410e-01	2.451741443991349172e+02
3.160000000000000000e+02	2.852782144370654805e+03	1.196400902614213196e-01	2.414780230709189084e+02
3.170000000000000000e+02	2.841963059772922406e+03	1.191919198193276408e-01	2.396618162488488224e+02
3.190000000000000000e+02	2.820550120478465942e+03	1.183056050205342907e-01	2.360887768664804867e+02
3.200000000000000000e+02	2.809947763175025557e+03	1.178675039019745907e-01	2.343310746641709557e+02
3.220000000000000000e+02	2.789002865202508019e+03	1.170007020181301205e-01	2.308754099568554921e+02
3.230000000000000000e+02	2.778651305578684514e+03	1.165720463662555939e-01	2.291765383239084315e+02
3.250000000000000000e+02	2.758147943848789510e+03	1.157244168341459989e-01	2.258328579416773607e+02
3.270000000000000000e+02	2.737950748954715891e+03	1.148885970369893789e-01	2.225614684901988198e+02
3.280000000000000000e+02	2.727950257089276874e+03	1.144755108313283976e-01	2.209520396755380887e+02
3.300000000000000000e+02	2.708185381243151369e+03	1.136577217681383478e-01	2.177857166322243643e+02
3.310000000000000000e+02	2.698406828276056331e+03	1.132531301547878705e-01	2.162276158133386730e+02
3.330000000000000000e+02	2.679038976694419944e+03	1.124527657342000303e-01	2.131600759208105842e+02
3.350000000000000000e+02	2.659953690527928757e+03	1.116634815278803178e-01	2.101576092415224650e+02
3.360000000000000000e+02	2.650515568328424706e+03	1.112729678976117909e-01	2.086803654295681554e+02
3.380000000000000000e+02	2.631814686986610013e+03	1.105003654874934793e-01	2.057708833273168523e+02
3.390000000000000000e+02	2.622567672201768346e+03	1.101177788402126628e-01	2.043387594697821896e+02
3.410000000000000000e+02	2.604248531240772081e+03	1.093610743546952480e-01	2.015186590072451054e+02
3.430000000000000000e+02	2.586190075279159373e+03	1.086144670238716192e-01	1.987567047033220433e+02
3.440000000000000000e+02	2.577251711946473279e+03	1.082449133862039004e-01	1.973966269539202756e+02
3.460000000000000000e+02	2.559540841430803994e+03	1.075135112633448242e-01	1.947171566231173472e+02
3.470000000000000000e+02	2.550780943473670050e+03	1.071513952125566771e-01	1.933979594718781243e+02
3.490000000000000000e+02	2.533436143123657530e+03	1.064345404299487235e-01	1.907995262001426511e+02
3.510000000000000000e+02	2.516307906867103611e+03	1.057274397105617408e-01	1.882522222108705421e+02
3.520000000000000000e+02	2.507834851196368618e+03	1.053771099193410998e-01	1.869975049938020391e+02
3.540000000000000000e+02	2.491041089896944413e+03	1.046839384335670614e-01	1.845251402607244700e+02
3.560000000000000000e+02	2.474476371531580298e+03	1.039996064712497975e-01	1.821015999704829653e+02
3.570000000000000000e+02	2.466273863579492172e+03	1.036607234498930219e-01	1.809073825510982658e+02
3.590000000000000000e+02	2.450014302958192275e+03	1.029897377981355833e-01	1.785531867418921763e+02
3.600000000000000000e+02	2.441968522252701860e+03	1.026573935309348234e-01	1.773933746057274732e+02
3.620000000000000000e+02	2.426030715171193606e+03	1.019992052743148719e-01	1.751074420098026962e+02
3.640000000000000000e+02	2.410283521505579301e+03	1.013496089857140042e-01	1.728646467681515162e+02
3.650000000000000000e+02	2.402490335200643585e+03	1.010276285813546115e-01	1.717592189887984944e+02
3.670000000000000000e+02	2.387037836331052404e+03	1.003903046369542945e-01	1.695797219264626108e+02
3.690000000000000000e+02	2.371787333191788548e+03	9.976077128877688938e-02	1.674415135903290661e+02
3.700000000000000000e+02	2.364232643894677039e+03	9.944889594127390153e-02	1.663872617915741614e+02
3.720000000000000000e+02	2.349251799912030492e+03	9.883113628547718355e-02	1.643077866492579915e+02
3.730000000000000000e+02	2.341835551955596202e+03	9.852503741433628337e-02	1.632826975256234050e+02
3.750000000000000000e+02	2.327138849932689936e+03	9.791859771303935978e-02	1.612611255225706373e+02
3.770000000000000000e+02	2.312610843830649628e+03	9.731976559456753662e-02	1.592762047436241062e+02
3.780000000000000000e+02	2.305418195248995289e+03	9.702282723746091797e-02	1.582973050367299379e+02
3.800000000000000000e+02	2.291151170582174473e+03	9.643486322891388351e-02	1.563662167740965288e+02
3.820000000000000000e+02	2.277063143873335775e+03	9.585380042212450491e-02	1.544702780456042319e+02
3.830000000000000000e+02	2.270081802019301449e+03	9.556582799358402658e-02	1.535349601045643908e+02
3.850000000000000000e+02	2.256232538804043088e+03	9.499520112113625514e-02	1.516890393028570259e+02
3.870000000000000000e+02	2.242554441118746126e+03	9.443125047105492553e-02	1.498763032395694097e+02
3.880000000000000000e+02	2.235779187871721660e+03	9.415179101929163630e-02	1.489822778813671960e+02
3.900000000000000000e+02	2.222331861929764727e+03	9.359800853959449052e-02	1.472171607104727684e+02
3.920000000000000000e+02	2.209048829836337518e+03	9.305035347268585111e-02	1.454829382731085445e+02
3.930000000000000000e+02	2.202457710894198954e+03	9.277917222400437758e-02	1.446271551766551227e+02
3.950000000000000000e+02	2.189404029967551196e+03	9.224119050637992479e-02	1.429383118311069438e+02
3.970000000000000000e+02	2.176496584924766012e+03	9.170935429270286876e-02	1.412783364204479710e+02
3.980000000000000000e+02	2.170090481171117062e+03	9.144578067831639345e-02	1.404586837331711990e+02
4.000000000000000000e+02	2.157401358335173882e+03	9.092304905857509500e-02	1.388411823743807076e+02
4.010000000000000000e+02	2.151113657584069642e+03	9.066393361806586448e-02	1.380430427190480316e+02
4.030000000000000000e+02	2.138630453939129438e+03	9.015029156971697544e-02	1.364664921190982909e+02
4.050000000000000000e+02	2.126294282567594564e+03	8.964210570357954155e-02	1.349165156131991523e+02
4.060000000000000000e+02	2.120171103751136798e+03	8.939039146665496427e-02	1.341512961774720338e+02
4.080000000000000000e+02	2.108039826869113767e+03	8.889087087196195780e-02	1.326404292282362860e+02
4.100000000000000000e+02	2.096039542230279949e+03	8.839684346090216638e-02	1.311544567480715102e+02
4.110000000000000000e+02	2.090082133502862689e+03	8.815192577548648656e-02	1.304203930893609140e+02
4.130000000000000000e+02	2.078277412923117481e+03	8.766605299035704069e-02	1.289710942548402102e+02
4.150000000000000000e+02	2.066602268855245711e+03	8.718555433352592754e-02	1.275457802448815698e+02
4.160000000000000000e+02	2.060805676284855508e+03	8.694742589688823908e-02	1.268417352174313493e+02
4.180000000000000000e+02	2.049317545402228006e+03	8.647458984582399866e-02	1.254508247267385173e+02
4.200000000000000000e+02	2.037944650919540663e+03	8.600717174778402252e-02	1.240824604510275009e+02
4.210000000000000000e+02	2.032309310465278486e+03	8.577527849438890128e-02	1.234068176787165214e+02
4.230000000000000000e+02	2.021122798375673028e+03	8.531516596397184515e-02	1.220713826483716957e+02
4.250000000000000000e+02	2.010047723973385700e+03	8.486002722034312329e-02	1.207570173316286031e+02
4.260000000000000000e+02	2.004557541028044852e+03	8.463421199949060225e-02	1.201078061376292965e+02
4.280000000000000000e+02	1.993662887589812499e+03	8.418627249933356704e-02	1.188250201098235550e+02
4.300000000000000000e+02	1.982874944284968478e+03	8.374319295739000857e-02	1.175622690701036959e+02
4.310000000000000000e+02	1.977527292853453218e+03	8.352316713172122653e-02	1.169382888769946049e+02
4.330000000000000000e+02	1.966905776914980834e+03	8.308701695831245682e-02	1.157050871302656532e+02
4.350000000000000000e+02	1.956399261553813858e+03	8.265526019858016049e-02	1.144912576065442096e+02
4.370000000000000000e+02	1.945998632544247812e+03	8.222790819799494222e-02	1.132960552540834129e+02
4.380000000000000000e+02	1.940833346637191198e+03	8.201591351699806520e-02	1.127051636218194943e+02
4.400000000000000000e+02	1.930590331163937890e+03	8.159512883892663937e-02	1.115374445115625690e+02
4.420000000000000000e+02	1.920451598221186941e+03	8.117868848577418361e-02	1.103877338445501266e+02
4.430000000000000000e+02	1.915415331027466891e+03	8.097218923661671230e-02	1.098193670967240507e+02
4.450000000000000000e+02	1.905427998634930191e+03	8.056191316762510712e-02	1.086955170946570917e+02
4.470000000000000000e+02	1.895533609404387789e+03	8.015604649942265070e-02	1.075886822041384505e+02
4.480000000000000000e+02	1.890627615198158082e+03	7.995458451657705412e-02	1.070417004555538227e+02
4.500000000000000000e+02	1.880884244292550193e+03	7.955461813244947555e-02	1.059597044150137464e+02
4.520000000000000000e+02	1.871231545724045418e+03	7.915868057673347558e-02	1.048936559047547235e+02
4.530000000000000000e+02	1.866443441038008132e+03	7.896213584113011275e-02	1.043666538221328182e+02
4.550000000000000000e+02	1.856936627093027937e+03	7.857205893899113502e-02	1.033245157027476182e+02
4.570000000000000000e+02	1.847516901571058270e+03	7.818593790611860772e-02	1.022976051286306927e+02
4.580000000000000000e+02	1.842844822439350537e+03	7.799408860059220405e-02	1.017897477123058394e+02
4.600000000000000000e+02	1.833560594623518455e+03	7.761360851990818654e-02	1.007853022552136082e+02
4.620000000000000000e+02	1.824369782026508574e+03	7.723670699751961077e-02	9.979558992516639648e+01
4.640000000000000000e+02	1.815265647013317675e+03	7.686338884236584845e-02	9.882008206895744706e+01
4.650000000000000000e+02	1.810742544731128646e+03	7.667809608057711557e-02	9.833746244322345831e+01
4.670000000000000000e+02	1.801767212692919657e+03	7.631014402955280107e-02	9.738295127737654866e+01
4.690000000000000000e+02	1.792876986877434774e+03	7.594575549632999467e-02	9.644222297829152524e+01
4.700000000000000000e+02	1.788459066919769157e+03	7.576497717823854616e-02	9.597684518463127290e+01
4.720000000000000000e+02	1.779693202577791908e+03	7.540561746113626229e-02	9.505592935446914282e+01
4.740000000000000000e+02	1.771003428309449191e+03	7.504989703445721916e-02	9.414810135372339062e+01
4.750000000000000000e+02	1.766692140474993948e+03	7.487324676561268877e-02	9.369912570900274318e+01
4.770000000000000000e+02	1.758126373887849695e+03	7.452235844939522624e-02	9.281038100807083424e+01
4.790000000000000000e+02	1.749635186229720830e+03	7.417477655995616259e-02	9.193391116458879253e+01
4.810000000000000000e+02	1.741225206959069510e+03	7.383038688887624823e-02	9.106978481191418950e+01
4.820000000000000000e+02	1.737050155984277126e+03	7.365941595560307475e-02	9.064233714320565127e+01
4.840000000000000000e+02	1.728750438790679254e+03	7.331993526321185783e-02	8.979609107316451855e+01
4.860000000000000000e+02	1.720530323275926094e+03	7.298332555637686292e-02	8.896141922930995349e+01
4.870000000000000000e+02	1.716444242441493998e+03	7.281634738789447003e-02	8.854842219564483230e+01
4.890000000000000000e+02	1.708333942078095561e+03	7.248447406340507992e-02	8.773099270742868327e+01
4.910000000000000000e+02	1.700295252769653644e+03	7.215555277098660569e-02	8.692456949925720266e+01
4.920000000000000000e+02	1.696300191496658044e+03	7.199221549318199354e-02	8.652535607645280891e+01
4.940000000000000000e+02	1.688367780038162209e+03	7.166773453503655356e-02	8.573523380687127826e+01
4.960000000000000000e+02	1.680505402458303479e+03	7.134621440400963632e-02	8.495582978817083131e+01
4.980000000000000000e+02	1.672708812055564977e+03	7.102765910291365670e-02	8.418681473878827148e+01
4.990000000000000000e+02	1.668838846619132028e+03	7.086926578708652169e-02	8.380609474188770491e+01
5.010000000000000000e+02	1.661143898398731608e+03	7.055494109059315400e-02	8.305239203500957501e+01
5.030000000000000000e+02	1.653518556022237590e+03	7.024330451464906588e-02	8.230873586826692190e+01
5.040000000000000000e+02	1.649730933131583242e+03	7.008846508309284074e-02	8.194053276268678587e+01
5.060000000000000000e+02	1.642201312135199260e+03	6.978089037348404744e-02	8.121135541197490681e+01
5.080000000000000000e+02	1.634738654595182197e+03	6.947597918022381525e-02	8.049181770633802557e+01
5.100000000000000000e+02	1.627339944383977127e+03	6.917376962724718081e-02	7.978175571168738145e+01
5.110000000000000000e+02	1.623661360365682413e+03	6.902374172070964431e-02	7.943017853831611319e+01
5.130000000000000000e+02	1.616357116500279744e+03	6.872530913030844291e-02	7.873375586232923240e+01
5.150000000000000000e+02	1.609110451251484619e+03	6.842965856135205249e-02	7.804639960348244188e+01
5.160000000000000000e+02	1.605512212788937177e+03	6.828275468982659968e-02	7.770612301641241970e+01
5.180000000000000000e+02	1.598359493713649499e+03	6.799075496005926866e-02	7.703194583103338289e+01
5.200000000000000000e+02	1.591264242435325286e+03	6.770126023792517878e-02	7.636631091825023532e+01
5.220000000000000000e+02	1.584229707832986378e+03	6.741420339070865186e-02	7.570920781160997137e+01
5.230000000000000000e+02	1.580734580630984738e+03	6.727161310234540392e-02	7.538384325275231390e+01
5.250000000000000000e+02	1.573784870252367227e+03	6.698829675884875046e-02	7.473922359870114462e+01
5.270000000000000000e+02	1.566895045364995212e+03	6.670716381003098661e-02	7.410262794777059980e+01
5.290000000000000000e+02	1.560058725924116288e+03	6.642856437153647764e-02	7.347410335839343531e+01
5.300000000000000000e+02	1.556662697210007082e+03	6.629011164054350591e-02	7.316282973745265394e+01
5.320000000000000000e+02	1.549911569498239260e+03	6.601485984490357284e-02	7.254598557823671001e+01
5.340000000000000000e+02	1.543213501763179920e+03	6.574189487013067101e-02	7.193675484322791647e+01
5.350000000000000000e+02	1.539885895771318246e+03	6.560623028688226943e-02	7.163497983990399121e+01
5.370000000000000000e+02	1.533270100877665982e+03	6.533666026114612335e-02	7.103711974213993585e+01
5.390000000000000000e+02	1.526704739952183900e+03	6.506937193757990345e-02	7.044657215411319839e+01
5.410000000000000000e+02	1.520194958959657470e+03	6.480405332361124926e-02	6.986316241323190468e+01
5.420000000000000000e+02	1.516956992914522061e+03	6.467234758170171960e-02	6.957419239249161080e+01
5.440000000000000000e+02	1.510523528400962505e+03	6.441038116849977235e-02	6.900152545640978019e+01
5.460000000000000000e+02	1.504140780458212248e+03	6.415046890858412676e-02	6.843572710163392969e+01
5.480000000000000000e+02	1.497806549040880554e+03	6.389265519580068775e-02	6.787671289513849615e+01
5.490000000000000000e+02	1.494659090140910848e+03	6.376450089897738038e-02	6.759974012719361269e+01
5.510000000000000000e+02	1.488400287699461160e+03	6.350981225785710949e-02	6.705087696352373428e+01
5.530000000000000000e+02	1.482188013278651397e+03	6.325721919635694801e-02	6.650855230412605579e+01
5.550000000000000000e+02	1.476026742211634200e+03	6.300642887814143778e-02	6.597259338377328675e+01
5.560000000000000000e+02	1.472961731546239889e+03	6.288191453146152465e-02	6.570706663118868107e+01
5.580000000000000000e+02	1.466870469978611709e+03	6.263421311553354909e-02	6.518071276847948070e+01
5.600000000000000000e+02	1.460825961048788486e+03	6.238839655079998076e-02	6.466050233560721949e+01
5.620000000000000000e+02	1.454826305795951157e+03	6.214450735657338354e-02	6.414636967125179012e+01
5.630000000000000000e+02	1.451844435532390207e+03	6.202325641229433639e-02	6.389156641929368163e+01
5.650000000000000000e+02	1.445913862108267722e+03	6.178224987014325348e-02	6.338651406626419771e+01
5.670000000000000000e+02	1.440026334403645706e+03	6.154317222113295238e-02	6.288732716704311798e+01
5.690000000000000000e+02	1.434185701046923896e+03	6.130574846022766866e-02	6.239383448019639644e+01
5.700000000000000000e+02	1.431279857209053034e+03	6.118785190993282497e-02	6.214929510859372641e+01
5.720000000000000000e+02	1.425503591758943685e+03	6.095328110531236104e-02	6.166441675530138156e+01
5.740000000000000000e+02	1.419770528457825094e+03	6.072044361857571043e-02	6.118505016395589280e+01
5.750000000000000000e+02	1.416919429070413116e+03	6.060467599641995717e-02	6.094739787283390342e+01
5.770000000000000000e+02	1.411249798312775056e+03	6.037448632121432401e-02	6.047622320533366036e+01
5.790000000000000000e+02	1.405621555318367655e+03	6.014608982264083026e-02	6.001045726059536634e+01
5.810000000000000000e+02	1.400033482998326917e+03	5.991947370455570632e-02	5.954997871839321988e+01
5.820000000000000000e+02	1.397256512617328099e+03	5.980665692135494343e-02	5.932162393167484282e+01
5.840000000000000000e+02	1.391729528999071590e+03	5.958258193729523006e-02	5.886891643176031153e+01
5.860000000000000000e+02	1.386243725978610428e+03	5.936012551072933352e-02	5.842129024593779008e+01
5.880000000000000000e+02	1.380798034937459761e+03	5.913926394475808868e-02	5.797862332993985035e+01
5.890000000000000000e+02	1.378089554594389938e+03	5.902943049557096006e-02	5.775911822611310953e+01
5.910000000000000000e+02	1.372702648901955627e+03	5.881101581605290701e-02	5.732383246965675028e+01
5.930000000000000000e+02	1.367354056944966487e+03	5.859426388930982776e-02	5.689342519552459976e+01
5.950000000000000000e+02	1.362042188344037413e+03	5.837916058048216866e-02	5.646777239526821290e+01
5.970000000000000000e+02	1.356770618642776981e+03	5.816544323142647938e-02	5.604671700313429028e+01
5.980000000000000000e+02	1.354147021661821327e+03	5.805929803171805403e-02	5.583798916405036294e+01
6.000000000000000000e+02	1.348930174153447979e+03	5.784804124257628133e-02	5.542393119854944672e+01
6.020000000000000000e+02	1.343750403166598971e+03	5.763825448059438361e-02	5.501434209927891317e+01
6.040000000000000000e+02	1.338606416762096160e+03	5.742998053942852815e-02	5.460919517899487374e+01
6.050000000000000000e+02	1.336048284983163285e+03	5.732639539099575188e-02	5.440826265178956334e+01
6.070000000000000000e+02	1.330958041072683727e+03	5.712041672411933418e-02	5.400973196869207271e+01
6.090000000000000000e+02	1.325902425985204218e+03	5.691596037519951884e-02	5.361551203669105803e+01
6.110000000000000000e+02	1.320883632327838995e+03	5.671279827340466873e-02	5.322543500278753470e+01
6.120000000000000000e+02	1.318385958142966956e+03	5.661187123162023105e-02	5.303203413754761186e+01
6.140000000000000000e+02	1.313417811807991484e+03	5.641098604297296176e-02	5.264827760512887522e+01
6.160000000000000000e+02	1.308484207380991165e+03	5.621146517597929576e-02	5.226856940700681520e+01
6.180000000000000000e+02	1.303584223630776933e+03	5.601334314422883043e-02	5.189289482880514015e+01
6.190000000000000000e+02	1.301146905910444048e+03	5.591479492428020476e-02	5.170653540685590599e+01
6.210000000000000000e+02	1.296296362262675757e+03	5.571880767457973449e-02	5.133683794919163290e+01
6.230000000000000000e+02	1.291478184341741553e+03	5.552423229792544102e-02	5.097105215754785945e+01
6.250000000000000000e+02	1.286694076343440884e+03	5.533085455489824417e-02	5.060901113106459093e+01
6.260000000000000000e+02	1.284313016555585591e+03	5.523477538531128966e-02	5.042948166809000554e+01
6.280000000000000000e+02	1.279575842918328817e+03	5.504351796092735172e-02	5.007317104104602379e+01
6.300000000000000000e+02	1.274870859305621707e+03	5.485352485923102039e-02	4.972053202760400836e+01
6.320000000000000000e+02	1.270197557639569141e+03	5.466482985928201865e-02	4.937156766107616335e+01
6.330000000000000000e+02	1.267872284035353914e+03	5.457096242412826093e-02	4.919841323059615945e+01
6.350000000000000000e+02	1.263244114177957726e+03	5.438425500803097112e-02	4.885484495601675548e+01
6.370000000000000000e+02	1.258646951477679067e+03	5.419885421183109203e-02	4.851485539582799333e+01
6.390000000000000000e+02	1.254080682215416346e+03	5.401457861136561150e-02	4.817825061563820555e+01
6.410000000000000000e+02	1.249543688041601399e+03	5.383167883936110926e-02	4.784518330081181858e+01
6.420000000000000000e+02	1.247285706454647652e+03	5.374069262500662247e-02	4.767990607316022533e+01
6.440000000000000000e+02	1.242793178512891927e+03	5.355956315499080245e-02	4.735184311663630297e+01
6.460000000000000000e+02	1.238330733527787515e+03	5.337963758338681863e-02	4.702713661118794874e+01
6.480000000000000000e+02	1.233896180774181403e+03	5.320092797609510260e-02	4.670568020139900511e+01
6.490000000000000000e+02	1.231688921500065362e+03	5.311205249602884287e-02	4.654617619823818586e+01
6.510000000000000000e+02	1.227297108366287603e+03	5.293519828923439613e-02	4.622963131794617908e+01
6.530000000000000000e+02	1.222933913092019111e+03	5.275938960951109119e-02	4.591615766348925831e+01
6.550000000000000000e+02	1.218598168122477091e+03	5.258486582505183388e-02	4.560591450514203871e+01
6.570000000000000000e+02	1.214289260037604663e+03	5.241146929476080824e-02	4.529871824994278739e+01
6.580000000000000000e+02	1.212145457186162503e+03	5.232516343659209673e-02	4.514623766518118231e+01
6.600000000000000000e+02	1.207879031197504446e+03	5.215340539156381600e-02	4.484360159660435130e+01
6.620000000000000000e+02	1.203638872965362907e+03	5.198278305070938576e-02	4.454393459544400713e+01
6.640000000000000000e+02	1.199424763605611133e+03	5.181332254212616534e-02	4.424724766471919679e+01
6.650000000000000000e+02	1.197327371480172815e+03	5.172905399220423250e-02	4.410003863740324448e+01
6.670000000000000000e+02	1.193154002570549437e+03	5.156112533112671564e-02	4.380764780390445168e+01
6.690000000000000000e+02	1.189005436121501134e+03	5.139442530973091505e-02	4.351820338708198932e+01
6.710000000000000000e+02	1.184882580886732512e+03	5.122877296819238618e-02	4.323155668724018597e+01
6.730000000000000000e+02	1.180785914902345212e+03	5.106412730624004109e-02	4.294766330453979464e+01
6.740000000000000000e+02	1.178747892229078843e+03	5.098217104498187213e-02	4.280675952420850194e+01
6.760000000000000000e+02	1.174688852905881049e+03	5.081910450510117305e-02	4.252697393402679893e+01
6.780000000000000000e+02	1.170653932471051576e+03	5.065712473442691988e-02	4.224990604123721738e+01
6.800000000000000000e+02	1.166644483391245558e+03	5.049619965868924754e-02	4.197554817660303428e+01
6.810000000000000000e+02	1.164649413627432295e+03	5.041601367574467807e-02	4.183928914764960183e+01
6.830000000000000000e+02	1.160676569726982734e+03	5.025660996409832271e-02	4.156886301900735248e+01
6.850000000000000000e+02	1.156726970855439049e+03	5.009818999385941968e-02	4.130097487380304955e+01
6.870000000000000000e+02	1.152802073114650284e+03	4.994071086979482571e-02	4.103561280301369862e+01
6.890000000000000000e+02	1.148901915803420479e+03	4.978419844710183645e-02	4.077279955551657764e+01
6.900000000000000000e+02	1.146960085149303268e+03	4.970630980731950005e-02	4.064229750312182432e+01
6.920000000000000000e+02	1.143093164880718177e+03	4.955132417834407638e-02	4.038319293083309702e+01
6.940000000000000000e+02	1.139250018365491769e+03	4.939732451021511955e-02	4.012656849926134583e+01
6.960000000000000000e+02	1.135430243595648108e+03	4.924415651151053952e-02	3.987226210767787649e+01
6.970000000000000000e+02	1.133528654042321477e+03	4.916800855525284286e-02	3.974607196283323418e+01
6.990000000000000000e+02	1.129741596035870543e+03	4.901635679124915351e-02	3.949537469865131101e+01
7.010000000000000000e+02	1.125977667988967369e+03	4.886558554176519825e-02	3.924699369129370297e+01
7.030000000000000000e+02	1.122237138967105238e+03	4.871571842390944040e-02	3.900095434602803834e+01
7.050000000000000000e+02	1.118517117709455761e+03	4.856678889867951238e-02	3.875715926088684427e+01
7.060000000000000000e+02	1.116664333261329602e+03	4.849269665089489534e-02	3.863610701970278427e+01
7.080000000000000000e+02	1.112977442829926076e+03	4.834518015098111104e-02	3.839575260007815416e+01
7.100000000000000000e+02	1.109311703571989028e+03	4.819845459888772582e-02	3.815751170372240608e+01
7.120000000000000000e+02	1.105667554331302881e+03	4.805271392182360740e-02	3.792155187673245820e+01
7.140000000000000000e+02	1.102042979162346228e+03	4.790784243141237714e-02	3.768769809475211474e+01
7.150000000000000000e+02	1.100238887413224347e+03	4.783570191618056328e-02	3.757154940322124759e+01
7.170000000000000000e+02	1.096648082704359467e+03	4.769206186853047758e-02	3.734091414171578549e+01
7.190000000000000000e+02	1.093076238106143592e+03	4.754930333191961095e-02	3.711233066781328915e+01
7.210000000000000000e+02	1.089523906063068125e+03	4.740744200795644209e-02	3.688583132671859488e+01
7.230000000000000000e+02	1.085993188192762318e+03	4.726643869473991927e-02	3.666143270453849112e+01
7.240000000000000000e+02	1.084235395477164275e+03	4.719615965768571980e-02	3.654992656890618719e+01
7.260000000000000000e+02	1.080734712433090181e+03	4.705640412694538782e-02	3.632855172118171794e+01
7.280000000000000000e+02	1.077252373190349317e+03	4.691746396536904812e-02	3.610911298106779554e+01
7.300000000000000000e+02	1.073790567922154878e+03	4.677928937710539720e-02	3.589162223227008042e+01
7.320000000000000000e+02	1.070349916858313691e+03	4.664190125272377890e-02	3.567611860068872431e+01
7.330000000000000000e+02	1.068635769410121384e+03	4.657351589084776644e-02	3.556904843755150125e+01
7.350000000000000000e+02	1.065221217701055593e+03	4.643739631469846751e-02	3.535637717734980612e+01
7.370000000000000000e+02	1.061827431140197405e+03	4.630207862736349100e-02	3.514565211254254962e+01
7.390000000000000000e+02	1.058451848629419374e+03	4.616745502210566066e-02	3.493669525819483823e+01
7.410000000000000000e+02	1.055095620369117341e+03	4.603369753405231468e-02	3.472967322866725937e+01
7.420000000000000000e+02	1.053422979883223888e+03	4.596712297089951271e-02	3.462681239575815795e+01
7.440000000000000000e+02	1.050093579259632861e+03	4.583447443234450053e-02	3.442244512610488982e+01
7.460000000000000000e+02	1.046784220776037728e+03	4.570255903312005208e-02	3.421990874375564573e+01
7.480000000000000000e+02	1.043491367759973627e+03	4.557142540862546554e-02	3.401910358604175855e+01
7.500000000000000000e+02	1.040215649427788321e+03	4.544108752078390712e-02	3.382006149508909942e+01
7.510000000000000000e+02	1.038585174646389760e+03	4.537622525380796690e-02	3.372123903082876240e+01
7.530000000000000000e+02	1.035337340154718959e+03	4.524690048802435666e-02	3.352474433142414512e+01
7.550000000000000000e+02	1.032107093749239993e+03	4.511841478076841078e-02	3.333003629525615708e+01
7.570000000000000000e+02	1.028893022350060846e+03	4.499065205953584057e-02	3.313696758519976981e+01
7.590000000000000000e+02	1.025697124181920799e+03	4.486355754291022901e-02	3.294554460495785264e+01
7.600000000000000000e+02	1.024107083259554884e+03	4.480024021209436103e-02	3.285047282516260481e+01
7.620000000000000000e+02	1.020936793254621875e+03	4.467421693256025395e-02	3.266150927236129320e+01
7.640000000000000000e+02	1.017782562295991511e+03	4.454894583522561735e-02	3.247417507766974865e+01
7.660000000000000000e+02	1.014646470136658763e+03	4.442438253717781449e-02	3.228848875983093336e+01
7.680000000000000000e+02	1.011526873435649350e+03	4.430040980713594728e-02	3.210429615284883198e+01
7.690000000000000000e+02	1.009973569545034707e+03	4.423874867984278064e-02	3.201285348575761702e+01
7.710000000000000000e+02	1.006877436269894702e+03	4.411590500550450350e-02	3.183104005368660339e+01
7.730000000000000000e+02	1.003798521043707979e+03	4.399368861467986558e-02	3.165075160578770053e+01
7.750000000000000000e+02	1.000737574874982784e+03	4.387211789533548845e-02	3.147202463905895797e+01
7.770000000000000000e+02	9.976906390423320090e+02	4.375124892707928093e-02	3.129475998021069927e+01
7.780000000000000000e+02	9.961720120985067979e+02	4.369109536532930771e-02	3.120667954320378357e+01
7.800000000000000000e+02	9.931500860312373788e+02	4.357125718746909793e-02	3.103171192079771856e+01
7.820000000000000000e+02	9.901427526057976820e+02	4.345199741299274332e-02	3.085811540684824550e+01
7.840000000000000000e+02	9.871521345371482994e+02	4.333345960221578197e-02	3.068605837605223385e+01
7.860000000000000000e+02	9.841747717568207463e+02	4.321557198584820292e-02	3.051537561610930993e+01
7.870000000000000000e+02	9.826921449046582211e+02	4.315684090756254782e-02	3.043054777188872606e+01
7.890000000000000000e+02	9.797409095578771030e+02	4.303983378123965586e-02	3.026202757856027858e+01
7.910000000000000000e+02	9.768025721188995476e+02	4.292349003113240385e-02	3.009485127428758844e+01
7.930000000000000000e+02	9.738782457969098232e+02	4.280781576126716642e-02	2.992906114279983854e+01
7.950000000000000000e+02	9.709709944440991194e+02	4.269276093200246452e-02	2.976469788278559037e+01
7.960000000000000000e+02	9.695223129823834824e+02	4.263539552433009971e-02	2.968296027735103948e+01
7.980000000000000000e+02	9.666372091847532602e+02	4.252126016774267908e-02	2.952061770840705890e+01
8.000000000000000000e+02	9.637644759665827223e+02	4.240774055950791155e-02	2.935954686760936383e+01
8.020000000000000000e+02	9.609072405222071893e+02	4.229477661421666979e-02	2.919978347438349786e+01
8.040000000000000000e+02	9.580666627644611708e+02	4.218237900974102644e-02	2.904137204534382732e+01
8.060000000000000000e+02	9.552379650992345432e+02	4.207061153153332511e-02	2.888419950928572533e+01
8.070000000000000000e+02	9.538277393318908253e+02	4.201498106319970227e-02	2.880608330083570934e+01
8.090000000000000000e+02	9.510216337723521747e+02	4.190412801563564438e-02	2.865088744961756007e+01
8.110000000000000000e+02	9.482280927494456364e+02	4.179379092195750767e-02	2.849685546047862061e+01
8.130000000000000000e+02	9.454498413808255464e+02	4.168409472047120146e-02	2.834415447897334417e+01
8.150000000000000000e+02	9.426829117152282151e+02	4.157498334298706522e-02	2.819262304644926331e+01
8.160000000000000000e+02	9.413048441090178358e+02	4.152061574113063286e-02	2.811729660263196351e+01
8.180000000000000000e+02	9.385617326626435215e+02	4.141227848516908228e-02	2.796763043061412546e+01
8.200000000000000000e+02	9.358296686380640494e+02	4.130453900987483135e-02	2.781910959568493169e+01
8.220000000000000000e+02	9.331099533425691561e+02	4.119739975082747224e-02	2.767177848344863733e+01
8.240000000000000000e+02	9.304059642701209896e+02	4.109080656277229460e-02	2.752568374637599291e+01
8.250000000000000000e+02	9.290580779699482719e+02	4.103765496050280209e-02	2.745301049851740416e+01
8.270000000000000000e+02	9.263738404043727996e+02	4.093188154598230433e-02	2.730865339351993626e+01
8.290000000000000000e+02	9.237001296206188954e+02	4.082666413831301938e-02	2.716538084113560458e+01
8.310000000000000000e+02	9.210403756006317053e+02	4.072193881843947511e-02	2.702323448870318146e+01
8.330000000000000000e+02	9.183959259848052170e+02	4.061771235406506919e-02	2.688226060204795687e+01
8.350000000000000000e+02	9.157616509885815503e+02	4.051405532725087938e-02	2.674234588339812646e+01
8.360000000000000000e+02	9.144480214181819520e+02	4.046245635630272425e-02	2.667279119592650360e+01
8.380000000000000000e+02	9.118342821274194421e+02	4.035961331800191204e-02	2.653458860760737181e+01
8.400000000000000000e+02	9.092313393002732482e+02	4.025723359029158288e-02	2.639737913032762506e+01
8.420000000000000000e+02	9.066424884640044866e+02	4.015542422091072233e-02	2.626132817259630414e+01
8.440000000000000000e+02	9.040632855902040319e+02	4.005414400643014794e-02	2.612627793378623409e+01
8.450000000000000000e+02	9.027785111356090511e+02	4.000367098670094823e-02	2.605913072219263071e+01
8.470000000000000000e+02	9.002265365339633263e+02	3.990298598506864663e-02	2.592579477334592397e+01
8.490000000000000000e+02	8.976756912438079326e+02	3.980291365938381370e-02	2.579325420208586195e+01
8.550000000000000000e+02	8.900958751133028954e+02	3.950590618505179369e-02	2.540193157768198873e+01
8.660000000000000000e+02	8.764959276187506703e+02	3.897250396918581355e-02	2.470810360732133404e+01
8.760000000000000000e+02	8.644162392296991584e+02	3.849970114522276859e-02	2.410172274434602713e+01
8.870000000000000000e+02	8.514531791825826303e+02	3.799287264793156649e-02	2.352961201185068774e+01
8.980000000000000000e+02	8.387891277422650091e+02	3.749929360158911484e-02	2.384308065106072405e+01
9.080000000000000000e+02	8.275438286944101947e+02	3.706139571040888842e-02	2.412621572683547200e+01
9.190000000000000000e+02	8.154697281072975557e+02	3.659107628898537051e-02	2.443331397347771272e+01
9.300000000000000000e+02	8.036584889696988512e+02	3.613276143127045620e-02	2.473422138700870221e+01
9.420000000000000000e+02	8.007200791831517108e+02	3.564591266121327345e-02	2.505220774580832810e+01
9.530000000000000000e+02	8.189673694226121370e+02	3.521080853915530690e-02	2.533102222755685062e+01
9.650000000000000000e+02	8.385540127159601980e+02	3.474786875242421441e-02	2.561885469479501509e+01
9.760000000000000000e+02	8.560966705504398533e+02	3.433420316750412926e-02	2.586503674709657119e+01
9.880000000000000000e+02	8.746901539451370127e+02	3.389420478595318170e-02	2.611269855025161135e+01
1.000000000000000000e+03	8.926257437715411243e+02	3.346507139835614569e-02	2.633667461242604801e+01
