Block	[kV]	[MW]	[kA]	[MVAr]	[rad]	Area
g1	2.19972e+02	2.29738e+02	6.04581e-01	-1.67478e+01	2.63436e-02	0
g2	2.16418e+02	6.99618e+02	1.90853e+00	-1.49457e+02	2.97622e-01	1
g3	2.19241e+02	-4.42756e+02	1.21553e+00	1.30475e+02	3.35494e-02	1
MMC1	2.22480e+02	2.33335e+02	6.05520e-01	-8.42048e-05	1.30650e-01	0
MMC2	2.16348e+02	4.66652e+02	1.24531e+00	8.58124e-02	2.81108e-01	1
MMC3	2.17357e+02	-2.28624e+02	6.07279e-01	1.75107e-01	2.47714e-01	1
1DC	6.38671e+02	-2.33836e+02	-3.66130e-01
2DC	6.40411e+02	4.64290e+02	7.24988e-01
3DC	6.40000e+02	-2.29099e+02	-3.57967e-01
