f	max_sigma_G1	max_sigma_G2	max_sigma_G1_G2
1.000000000000000000e+00	1.557350987668042035e+04	6.482452069804388595e-01	7.138749601568043545e+03
2.000000000000000000e+00	1.589801002171988330e+04	6.616918080736554630e-01	7.438645264037213565e+03
3.000000000000000000e+00	1.623633277658137013e+04	6.757067661137261538e-01	7.757837211000071875e+03
4.000000000000000000e+00	1.658938178141827666e+04	6.903268051598175914e-01	8.098020964312327123e+03
5.000000000000000000e+00	1.695814112316209503e+04	7.055918745524186741e-01	8.461076140462340845e+03
6.000000000000000000e+00	1.734368470792490189e+04	7.215455099955709883e-01	8.849099286983839193e+03
7.000000000000000000e+00	1.774718644003572263e+04	7.382352440324143616e-01	9.264419542213398017e+03
8.000000000000000000e+00	1.816993235777731388e+04	7.557130741317040767e-01	9.709662025948373412e+03
9.000000000000000000e+00	1.861333425723689652e+04	7.740359978665489749e-01	1.018776296536860900e+04
1.000000000000000000e+01	1.907894534754571941e+04	7.932666267039006902e-01	1.070203632548240057e+04
1.100000000000000000e+01	1.956847851945758521e+04	8.134738921861618399e-01	1.125622747370372781e+04
1.200000000000000000e+01	2.008382731747661819e+04	8.347338610256171965e-01	1.185457356795409942e+04
1.300000000000000000e+01	2.062709015041375096e+04	8.571306791613594322e-01	1.250188816550731462e+04
1.400000000000000000e+01	2.120059921810685773e+04	8.807576692142773389e-01	1.320366437464508817e+04
1.500000000000000000e+01	2.180695326457399642e+04	9.057186108833258364e-01	1.396617794965675785e+04
1.600000000000000000e+01	2.244905723634455353e+04	9.321292409673813673e-01	1.479663311539514143e+04
1.700000000000000000e+01	2.753646769164627767e+04	9.601190177922745983e-01	1.570334081799351407e+04
1.800000000000000000e+01	7.587816192946399678e+04	9.898332058548716672e-01	3.756979383552401123e+04
1.900000000000000000e+01	2.462454320051388277e+04	1.021435350228013350e+00	1.778551570867632108e+04
2.000000000000000000e+01	2.544663305689869958e+04	1.055110227793599975e+00	1.898520480153964309e+04
2.100000000000000000e+01	2.632555540599273081e+04	1.091067385335130258e+00	2.031028178288936033e+04
2.200000000000000000e+01	2.726740675079953508e+04	1.129545404420426724e+00	2.177881218784471639e+04
2.300000000000000000e+01	2.827918419705216002e+04	1.170817071557376909e+00	2.341221246733190492e+04
2.400000000000000000e+01	2.936895944831429733e+04	1.215195684471987558e+00	2.523603644035030811e+04
2.500000000000000000e+01	3.054609207620451343e+04	1.263042793452572976e+00	2.728098388947123021e+04
2.600000000000000000e+01	3.182149551083455663e+04	1.314777769732805579e+00	2.958415489468498708e+04
2.700000000000000000e+01	3.320797451328858733e+04	1.370889718499601173e+00	3.219075720509748862e+04
2.800000000000000000e+01	3.472065200015020673e+04	1.431952425826185094e+00	3.515627646517950052e+04
2.900000000000000000e+01	3.637751459683931171e+04	1.498643267118906719e+00	3.854941950343090139e+04
3.000000000000000000e+01	3.820013085363677965e+04	1.571767337758461114e+00	4.245609243619425251e+04
3.100000000000000000e+01	4.021457923001216113e+04	1.652288535389253354e+00	4.698474790861090878e+04
3.200000000000000000e+01	4.245270172368465137e+04	1.741369996106264972e+00	5.227387430375858094e+04
3.300000000000000000e+01	4.495378772532407311e+04	1.840427253716975242e+00	5.850252064131869702e+04
3.400000000000000000e+01	4.776688486412540078e+04	1.951198905364355030e+00	6.590522031802199490e+04
3.500000000000000000e+01	5.095405526690712577e+04	2.075841648670098127e+00	7.479386341655590513e+04
3.600000000000000000e+01	5.459501620847545564e+04	2.217059645261204803e+00	8.559011450186160801e+04
3.700000000000000000e+01	5.879390625726881262e+04	2.378282776388173314e+00	9.887525353009108221e+04
3.800000000000000000e+01	6.368956686911013094e+04	2.563915217580949868e+00	1.154680880847422522e+05
3.900000000000000000e+01	6.947132025107274239e+04	2.779685797787717405e+00	1.365494077894456859e+05
4.000000000000000000e+01	7.640455010398065497e+04	3.033145642868812608e+00	1.638701813579021546e+05
4.100000000000000000e+01	8.487350029209708737e+04	3.334375786859729462e+00	2.001121148931569478e+05
4.200000000000000000e+01	9.545618682621595508e+04	3.696979890690329285e+00	2.495383618746079737e+05
4.300000000000000000e+01	1.090651389213618677e+05	4.139411421758298459e+00	3.192348869493916864e+05
4.400000000000000000e+01	1.272276377256378328e+05	4.686500139217579353e+00	4.216146010278291651e+05
4.500000000000000000e+01	1.526886540049099422e+05	5.370295529064816442e+00	5.798160450666997349e+05
4.600000000000000000e+01	1.908798850419769005e+05	6.226773443525253526e+00	8.404432174688163213e+05
4.700000000000000000e+01	2.540876514999686042e+05	7.277276061736387192e+00	1.307487278137586545e+06
4.800000000000000000e+01	3.779807927437170874e+05	8.467334606743149195e+00	2.263087877877594903e+06
4.900000000000000000e+01	7.474016753925485536e+05	9.540285345756236879e+00	5.041972253557835706e+06
5.100000000000000000e+01	7.474665088528844062e+05	9.540282186332927239e+00	5.042409453300685622e+06
5.200000000000000000e+01	3.779911636544710491e+05	8.467330190020662783e+00	2.263150093926086556e+06
5.300000000000000000e+01	2.540864922825738031e+05	7.277271854941782081e+00	1.307481365166207310e+06
5.400000000000000000e+01	1.908796081892280199e+05	6.226769929102420775e+00	8.404420598885462387e+05
5.500000000000000000e+01	1.526886895602064615e+05	5.370292710524386948e+00	5.798163405152854975e+05
5.600000000000000000e+01	1.272273300972066500e+05	4.686497892273724375e+00	4.216137083177844179e+05
5.700000000000000000e+01	1.090653571467243746e+05	4.139409615695336164e+00	3.192356314254865283e+05
5.800000000000000000e+01	9.545618767745715741e+04	3.696978419413667449e+00	2.495384703528721293e+05
5.900000000000000000e+01	8.487342926860623993e+04	3.334374572377342361e+00	2.001119567312621220e+05
6.000000000000000000e+01	7.640454705615920830e+04	3.033144627426210604e+00	1.638701299185654207e+05
6.100000000000000000e+01	6.947132840293667687e+04	2.779684938146317563e+00	1.365492505221865431e+05
6.200000000000000000e+01	6.368955780074192444e+04	2.563914481494850683e+00	1.154677335065839434e+05
6.300000000000000000e+01	5.879391420514082711e+04	2.378282140078822327e+00	9.887478887062222930e+04
6.400000000000000000e+01	5.459501664631032327e+04	2.217059090098929541e+00	8.558964553960201738e+04
6.500000000000000000e+01	5.095405732100880414e+04	2.075841160454038992e+00	7.479371736363321543e+04
6.600000000000000000e+01	4.776688608726574603e+04	1.951198472847062382e+00	6.590558242809816147e+04
6.700000000000000000e+01	4.495378708438904141e+04	1.840426868042828179e+00	5.850332300301066425e+04
6.800000000000000000e+01	4.245270193042542815e+04	1.741369650226421317e+00	5.227503609835000680e+04
6.900000000000000000e+01	4.021458005706157564e+04	1.652288223523605382e+00	4.698618991131662915e+04
7.000000000000000000e+01	3.820013049287698959e+04	1.571767055135731450e+00	4.245778530915770534e+04
7.100000000000000000e+01	3.637751558043123077e+04	1.498643009925758607e+00	3.855137425899881055e+04
7.200000000000000000e+01	3.472065224157232296e+04	1.431952190763427391e+00	3.515850785651481419e+04
7.300000000000000000e+01	3.320797496528215561e+04	1.370889502877004062e+00	3.219330852189710276e+04
7.400000000000000000e+01	3.182149589137057046e+04	1.314777571242096599e+00	2.958709124415594852e+04
7.500000000000000000e+01	3.054609219277468583e+04	1.263042610140380884e+00	2.728438208186589327e+04
7.600000000000000000e+01	2.936895963403313363e+04	1.215195514690016632e+00	2.524002086710889125e+04
7.700000000000000000e+01	2.827918447569999262e+04	1.170816913870458498e+00	2.341692995420759689e+04
7.800000000000000000e+01	2.726740681505055545e+04	1.129545257571166195e+00	2.178446829138571411e+04
7.900000000000000000e+01	2.632555572511318678e+04	1.091067248277264756e+00	2.031715767547339419e+04
8.000000000000000000e+01	2.544663321177527905e+04	1.055110099562497572e+00	1.899366926721155323e+04
8.100000000000000000e+01	2.462454340494554344e+04	1.021435230012961437e+00	1.779606351517311850e+04
8.200000000000000000e+01	7.584880462037773395e+04	9.898330929255133581e-01	3.765948796146276436e+04
8.300000000000000000e+01	2.753877380356277718e+04	9.601189115055243084e-01	1.572000766668620599e+04
8.400000000000000000e+01	2.244905735988633387e+04	9.321291407629979098e-01	1.481737495738035250e+04
8.500000000000000000e+01	2.180695340814560404e+04	9.057185162560134062e-01	1.399104719026788189e+04
8.600000000000000000e+01	2.120059930195484412e+04	8.807575797046391930e-01	1.323170299484220959e+04
8.700000000000000000e+01	2.062709030908364002e+04	8.571305943803335659e-01	1.253092537442196044e+04
8.800000000000000000e+01	2.008382741973155862e+04	8.347337805974208713e-01	1.188196623530819852e+04
8.900000000000000000e+01	1.956847863938152659e+04	8.134738157916289181e-01	1.128024078025435301e+04
9.000000000000000000e+01	1.907894546118707876e+04	7.932665540453545105e-01	1.072220322699195640e+04
9.100000000000000000e+01	1.861333434441790814e+04	7.740359286749760592e-01	1.020435343333736273e+04
9.200000000000000000e+01	1.816993244239510022e+04	7.557130081685820011e-01	9.723261627598991254e+03
9.300000000000000000e+01	1.774718652952491175e+04	7.382351810780768409e-01	9.275631549542034918e+03
9.400000000000000000e+01	1.734368477592397903e+04	7.215454498450749599e-01	8.858437118237909090e+03
9.500000000000000000e+01	1.695814122044630130e+04	7.055918170308890236e-01	8.468953817594690918e+03
9.600000000000000000e+01	1.658938185269139285e+04	6.903267500910575949e-01	8.104739200844560401e+03
9.700000000000000000e+01	1.623633285644708667e+04	6.757067133494013556e-01	7.763625642568490548e+03
9.800000000000000000e+01	1.589801009939591677e+04	6.616917574706706606e-01	7.443677585105532671e+03
9.900000000000000000e+01	1.557350994133770109e+04	6.482451584070902939e-01	7.143161954199857973e+03
1.000000000000000000e+02	1.526200122830720647e+04	6.353330990235647180e-01	6.860526757602754515e+03
1.020000000000000000e+02	1.467495391082432070e+04	6.109902084703991987e-01	6.343426783538437121e+03
1.030000000000000000e+02	1.439805520863815582e+04	5.995039002422276608e-01	6.106554099899930407e+03
1.040000000000000000e+02	1.413141726608839963e+04	5.884407587018256613e-01	5.882721668444289207e+03
1.050000000000000000e+02	1.387447935008489185e+04	5.777778606627821389e-01	5.670980632789449373e+03
1.060000000000000000e+02	1.362672090144720096e+04	5.674939065982058661e-01	5.470475044824076576e+03
1.070000000000000000e+02	1.338765797419752744e+04	5.575690796062280352e-01	5.280423399855818388e+03
1.080000000000000000e+02	1.315684005972574960e+04	5.479849188048625530e-01	5.100108709993494813e+03
1.090000000000000000e+02	1.293384727268801726e+04	5.387242054720365880e-01	4.928877703257247958e+03
1.100000000000000000e+02	1.271828778200395936e+04	5.297708604442733504e-01	4.766128866819474752e+03
1.120000000000000000e+02	1.230802798348493161e+04	5.127271096547321161e-01	4.463913271560941212e+03
1.130000000000000000e+02	1.211266463393095182e+04	5.046094532800170507e-01	4.323473290234843262e+03
1.140000000000000000e+02	1.192340487967555782e+04	4.967445193517451285e-01	4.189557612463535406e+03
1.150000000000000000e+02	1.173996670073607311e+04	4.891207009403969463e-01	4.061767435746292449e+03
1.160000000000000000e+02	1.156208520188433067e+04	4.817270903479237143e-01	3.939735957300286827e+03
1.170000000000000000e+02	1.138951132535285433e+04	4.745534272921819174e-01	3.823120965565733513e+03
1.190000000000000000e+02	1.105936254421556623e+04	4.608278601669137386e-01	3.604902077385856501e+03
1.200000000000000000e+02	1.090135874221028098e+04	4.542582671088352675e-01	3.502731982145059192e+03
1.210000000000000000e+02	1.074780289606853876e+04	4.478731678737620236e-01	3.404843219119882178e+03
1.220000000000000000e+02	1.059850955383347718e+04	4.416649058744847034e-01	3.311000941977734328e+03
1.230000000000000000e+02	1.045330342720400404e+04	4.356262420068453545e-01	3.220984529015439875e+03
1.250000000000000000e+02	1.017449850261084794e+04	4.240306736571179402e-01	3.051622213041583564e+03
1.260000000000000000e+02	1.004059409638428951e+04	4.184611369391659785e-01	2.971906028167743443e+03
1.270000000000000000e+02	9.910164566635587107e+03	4.130358881391923975e-01	2.895272095455955423e+03
1.280000000000000000e+02	9.783076213847696636e+03	4.077493965496674089e-01	2.821564469431533325e+03
1.290000000000000000e+02	9.659202116549215134e+03	4.025964103328161237e-01	2.750635647362648342e+03
1.310000000000000000e+02	9.420620361213257638e+03	3.926712382243375821e-01	2.616570052248896445e+03
1.320000000000000000e+02	9.305689082668124684e+03	3.878897931912164698e-01	2.553183102475220039e+03
1.330000000000000000e+02	9.193524109312520523e+03	3.832233065208145995e-01	2.492071396725438262e+03
1.340000000000000000e+02	9.084026631559752786e+03	3.786676845526654733e-01	2.433126913795100336e+03
1.360000000000000000e+02	8.872661922898238117e+03	3.698736087234419934e-01	2.321341922256156977e+03
1.370000000000000000e+02	8.770619275110733724e+03	3.656278836081894301e-01	2.268315129277232245e+03
1.380000000000000000e+02	8.670892803757373258e+03	3.614784606901778052e-01	2.217084345609768206e+03
1.390000000000000000e+02	8.573404438955358273e+03	3.574221022684130888e-01	2.167568880368383361e+03
1.410000000000000000e+02	8.384846909731544656e+03	3.495763374438924931e-01	2.073383508907303622e+03
1.420000000000000000e+02	8.293638213293335866e+03	3.457811419318537194e-01	2.028574691387542543e+03
1.430000000000000000e+02	8.204388209647571784e+03	3.420674184837370624e-01	1.985201271067774314e+03
1.440000000000000000e+02	8.117034397756265207e+03	3.384325729830869323e-01	1.943202100953681565e+03
1.460000000000000000e+02	7.947778372753712574e+03	3.313896782689126908e-01	1.863100538120911096e+03
1.470000000000000000e+02	7.865763780109353320e+03	3.279769631208366287e-01	1.824946339302490287e+03
1.480000000000000000e+02	7.785420371790863101e+03	3.246337837656180780e-01	1.787789755181307555e+03
1.490000000000000000e+02	7.706697520348074249e+03	3.213580374790376282e-01	1.751911740703860687e+03
1.510000000000000000e+02	7.553921000591857592e+03	3.150008485304474637e-01	1.683227424659867893e+03
1.520000000000000000e+02	7.479775809709538407e+03	3.119156035597089316e-01	1.650320401944710738e+03
1.530000000000000000e+02	7.407067944440945212e+03	3.088901794688523883e-01	1.618522522365671193e+03
1.550000000000000000e+02	7.265799984292258159e+03	3.030119700911766967e-01	1.557393114195447197e+03
1.560000000000000000e+02	7.197161659418418822e+03	3.001559334534895651e-01	1.528139267384442292e+03
1.570000000000000000e+02	7.129804054849884778e+03	2.973532090079868961e-01	1.499700739462663705e+03
1.590000000000000000e+02	6.998790068598196740e+03	2.919018376790617486e-01	1.445152378810669916e+03
1.600000000000000000e+02	6.935066420902591744e+03	2.892503941621518693e-01	1.418986480114200049e+03
1.610000000000000000e+02	6.872488845289462006e+03	2.866466647936737888e-01	1.393523987548714786e+03
1.620000000000000000e+02	6.811026658321299692e+03	2.840893736086412269e-01	1.368740327753775091e+03
1.640000000000000000e+02	6.691331093581011373e+03	2.791092253296416081e-01	1.321114293493567857e+03
1.650000000000000000e+02	6.633041589368790483e+03	2.766840338961214507e-01	1.298227066918984292e+03
1.660000000000000000e+02	6.575755132368874001e+03	2.743006083233818782e-01	1.275929088950539381e+03
1.680000000000000000e+02	6.464089405173485829e+03	2.696548136832050413e-01	1.233020781343070666e+03
1.690000000000000000e+02	6.409661299354032053e+03	2.673904130129040047e-01	1.212372984340272978e+03
1.710000000000000000e+02	6.303498567117852872e+03	2.629737773687167990e-01	1.172601534365692942e+03
1.720000000000000000e+02	6.251719807913718796e+03	2.608197061569250685e-01	1.153444716595715818e+03
1.730000000000000000e+02	6.200781227913649673e+03	2.587006248716808843e-01	1.134752992610568981e+03
1.750000000000000000e+02	6.101343989981924096e+03	2.545640774812088503e-01	1.098705287687428154e+03
1.760000000000000000e+02	6.052806624070284670e+03	2.525450005280757138e-01	1.081321062133565420e+03
1.770000000000000000e+02	6.005031970532853848e+03	2.505576897162218875e-01	1.064345674658167582e+03
1.790000000000000000e+02	5.911699889162458021e+03	2.466754151872995460e-01	1.031570444085140025e+03
1.800000000000000000e+02	5.866108368906307987e+03	2.447790324753170155e-01	1.015746749196203950e+03
1.810000000000000000e+02	5.821211334765463107e+03	2.429115761877917723e-01	1.000283808654728432e+03
1.830000000000000000e+02	5.733438098188991717e+03	2.392608360223207886e-01	9.703964852555423022e+02
1.840000000000000000e+02	5.690531751239233017e+03	2.374762972791401583e-01	9.559518937334282782e+02
1.860000000000000000e+02	5.606607561070378324e+03	2.339858835169174589e-01	9.280118018767886952e+02
1.870000000000000000e+02	5.565562163946715373e+03	2.322788613803312141e-01	9.144978754290863208e+02
1.880000000000000000e+02	5.525110194892014988e+03	2.305965586657265365e-01	9.012765555947948997e+02
1.900000000000000000e+02	5.445935704059424097e+03	2.273039949205774568e-01	8.756780015660932577e+02
1.910000000000000000e+02	5.407188664957265246e+03	2.256927130784481539e-01	8.632850058704500498e+02
1.920000000000000000e+02	5.368985993897652406e+03	2.241041079811159908e-01	8.511527746675252502e+02
1.940000000000000000e+02	5.294168416793834695e+03	2.209930401669380762e-01	8.276413184307409665e+02
1.950000000000000000e+02	5.257531623050939743e+03	2.194696660331127425e-01	8.162486135100834872e+02
1.970000000000000000e+02	5.185749537667312325e+03	2.164850516586330487e-01	7.941561468928327940e+02
1.980000000000000000e+02	5.150584101901515169e+03	2.150229725579629048e-01	7.834439178015652487e+02
1.990000000000000000e+02	5.115889425117405153e+03	2.135805050198738841e-01	7.729466131990891427e+02
2.010000000000000000e+02	5.047874957966039801e+03	2.107528475020830627e-01	7.525737144472290083e+02
2.020000000000000000e+02	5.014537087010881805e+03	2.093669045400721185e-01	7.426873777300414758e+02
2.040000000000000000e+02	4.949156629365488698e+03	2.066489810162181195e-01	7.234889097610122235e+02
2.050000000000000000e+02	4.917097338392009988e+03	2.053163047600675695e-01	7.141669906963990115e+02
2.070000000000000000e+02	4.854200467312828550e+03	2.027018504221011486e-01	6.960543746115183694e+02
2.080000000000000000e+02	4.823347430863332193e+03	2.014194285890993641e-01	6.872548253905745241e+02
2.090000000000000000e+02	4.792881346813997880e+03	2.001531279613803227e-01	6.786205600710028421e+02
2.110000000000000000e+02	4.733081210450356593e+03	1.976676896940348094e-01	6.618320958860405199e+02
2.120000000000000000e+02	4.703733189896090153e+03	1.964479702503886815e-01	6.536698593246103428e+02
2.140000000000000000e+02	4.646107600616545824e+03	1.940531293958498438e-01	6.377909857688798638e+02
2.150000000000000000e+02	4.617817063626270283e+03	1.928774678099935136e-01	6.300671415365359280e+02
2.170000000000000000e+02	4.562249248309023642e+03	1.905683603572021489e-01	6.150332276649469350e+02
2.180000000000000000e+02	4.534959913782629883e+03	1.894344122875138148e-01	6.077168206890257807e+02
2.200000000000000000e+02	4.481341313443854233e+03	1.872065162261078441e-01	5.934691854141223075e+02
2.210000000000000000e+02	4.455000824549616482e+03	1.861121007252916626e-01	5.865319385302943829e+02
2.220000000000000000e+02	4.428965611877732954e+03	1.850304042907225666e-01	5.797153713607756345e+02
2.240000000000000000e+02	4.377789972326105271e+03	1.829042920379081449e-01	5.664329092033761981e+02
2.250000000000000000e+02	4.352639324490432955e+03	1.818594504405783019e-01	5.599617737210238602e+02
2.270000000000000000e+02	4.303187686170483175e+03	1.798051679099653966e-01	5.473468061291400772e+02
2.280000000000000000e+02	4.278877153657796043e+03	1.787953294734595799e-01	5.411981197221404045e+02
2.300000000000000000e+02	4.231063601969281081e+03	1.768092975997950234e-01	5.292066411024792387e+02
2.310000000000000000e+02	4.207551664329839696e+03	1.758327326270414936e-01	5.233593896399985397e+02
2.330000000000000000e+02	4.161295900031706879e+03	1.739116062014280650e-01	5.119509620386342590e+02
2.340000000000000000e+02	4.138543728375418141e+03	1.729666970946901750e-01	5.063857151092869344e+02
2.360000000000000000e+02	4.093770616171725578e+03	1.711073459743386316e-01	4.955231773107633444e+02
2.370000000000000000e+02	4.071741858684472845e+03	1.701925783003236659e-01	4.902221361797189729e+02
2.390000000000000000e+02	4.028381018648819463e+03	1.683920704010296032e-01	4.798712414977717344e+02
2.400000000000000000e+02	4.007041606058943671e+03	1.675060247968415406e-01	4.748179012718605350e+02
2.420000000000000000e+02	3.965027043207388033e+03	1.657616106738785400e-01	4.649469968878849500e+02
2.430000000000000000e+02	3.944345012513231723e+03	1.649029555034396133e-01	4.601262124508718330e+02
2.450000000000000000e+02	3.903614780566519585e+03	1.632120543511402233e-01	4.507060552691897897e+02
2.460000000000000000e+02	3.883560114589834029e+03	1.623795390313311493e-01	4.461037327232884877e+02
2.480000000000000000e+02	3.844056010244179106e+03	1.607397259506196940e-01	4.371073188141342030e+02
2.490000000000000000e+02	3.824600491885668362e+03	1.599321748778451402e-01	4.327104965142250421e+02
2.510000000000000000e+02	3.786267776275992219e+03	1.583411692799731596e-01	4.241128146460611106e+02
2.520000000000000000e+02	3.767384855520149813e+03	1.575574762946884144e-01	4.199093997039580017e+02
2.540000000000000000e+02	3.730172000144033063e+03	1.560131313247245799e-01	4.116872133234207354e+02
2.550000000000000000e+02	3.711836672817679755e+03	1.552522546591076913e-01	4.076660705003209841e+02
2.570000000000000000e+02	3.675695127685697116e+03	1.537525475361172511e-01	3.997978105923718886e+02
2.580000000000000000e+02	3.657883824433409245e+03	1.530135051962517589e-01	3.959485157344072945e+02
2.600000000000000000e+02	3.622767805919289458e+03	1.515565283789826745e-01	3.884141812849213693e+02
2.610000000000000000e+02	3.605458290844700969e+03	1.508383939190368062e-01	3.847271166665125861e+02
2.630000000000000000e+02	3.571324587388792679e+03	1.494223470152455380e-01	3.775080994067476468e+02
2.640000000000000000e+02	3.554495865032808069e+03	1.487242456649513767e-01	3.739742403319934283e+02
2.660000000000000000e+02	3.521303658998487663e+03	1.473474280130726566e-01	3.670531733721269916e+02
2.670000000000000000e+02	3.504935889077199135e+03	1.466685331249498736e-01	3.636641889139394834e+02
2.690000000000000000e+02	3.472646593293841306e+03	1.453293369836701487e-01	3.570248835719755789e+02
2.700000000000000000e+02	3.456721012241680000e+03	1.446688667688560137e-01	3.537729279897042716e+02
2.720000000000000000e+02	3.425298119691946340e+03	1.433657710572761868e-01	3.474003151802377261e+02
2.730000000000000000e+02	3.409796968674219443e+03	1.427229855839827477e-01	3.442781322382029430e+02
2.750000000000000000e+02	3.379205914202486838e+03	1.414545501207488953e-01	3.381581387211090828e+02
2.760000000000000000e+02	3.364112372732078711e+03	1.408287485500216707e-01	3.351588832258278785e+02
2.780000000000000000e+02	3.334320405583914635e+03	1.395936087460935837e-01	3.292783171196265926e+02
2.790000000000000000e+02	3.319618530371274119e+03	1.389841267842951977e-01	3.263956547690551702e+02
2.810000000000000000e+02	3.290594596720478421e+03	1.377809887481859785e-01	3.207421729158582480e+02
2.830000000000000000e+02	3.262066221918543761e+03	1.365984992513117335e-01	3.152336631975304044e+02
2.840000000000000000e+02	3.247983899657468555e+03	1.360148323138639648e-01	3.125321774541529862e+02
2.860000000000000000e+02	3.220175282002595395e+03	1.348623330853349900e-01	3.072319430377073672e+02
2.870000000000000000e+02	3.206445983213683576e+03	1.342933756529612055e-01	3.046320212024341458e+02
2.890000000000000000e+02	3.179330085601053270e+03	1.331697401489322086e-01	2.995296346185201060e+02
2.900000000000000000e+02	3.165940631937766739e+03	1.326149431249407651e-01	2.970261896839770657e+02
2.920000000000000000e+02	3.139491754645436686e+03	1.315191005215161357e-01	2.921120342232844109e+02
2.930000000000000000e+02	3.126429615629292130e+03	1.309779418006442597e-01	2.897002899795934354e+02
2.950000000000000000e+02	3.100623314611984824e+03	1.299088735910653991e-01	2.849651673076035650e+02
2.970000000000000000e+02	3.075232403395067649e+03	1.288571135403751289e-01	2.803445725702724758e+02
2.980000000000000000e+02	3.062689579445142954e+03	1.283375932600292479e-01	2.780761043930044139e+02
3.000000000000000000e+02	3.037903091597678667e+03	1.273110178829551797e-01	2.736205304583282327e+02
3.010000000000000000e+02	3.025657044714764197e+03	1.268038634941824616e-01	2.714325770152140649e+02
3.030000000000000000e+02	3.001453528847210691e+03	1.258015789709232557e-01	2.671342464185400445e+02
3.040000000000000000e+02	2.989493788312709512e+03	1.253063541871914377e-01	2.650230711274500095e+02
3.060000000000000000e+02	2.965852796248177583e+03	1.243275084962169735e-01	2.608746586258842513e+02
3.080000000000000000e+02	2.942575929006819479e+03	1.233638348910872790e-01	2.568223724456291279e+02
3.090000000000000000e+02	2.931071406976851449e+03	1.228875778176468786e-01	2.548313086169957273e+02
3.110000000000000000e+02	2.908325056961733480e+03	1.219460094105206671e-01	2.509176929208292961e+02
3.120000000000000000e+02	2.897081224302888586e+03	1.214806145464363413e-01	2.489944291112125541e+02
3.140000000000000000e+02	2.874847345826835863e+03	1.205603994153863212e-01	2.452131811320032853e+02
3.150000000000000000e+02	2.863855385225811006e+03	1.201054993633997175e-01	2.433546251929695643e+02
3.170000000000000000e+02	2.842116741857267698e+03	1.192059193044507776e-01	2.396999238386493687e+02
3.190000000000000000e+02	2.820699058642748241e+03	1.183197127589714903e-01	2.361264243413105817e+02
3.200000000000000000e+02	2.810108348870758618e+03	1.178815317081935293e-01	2.343693929124679016e+02
3.220000000000000000e+02	2.789158851194697490e+03	1.170148331365562511e-01	2.309132757685386252e+02
3.230000000000000000e+02	2.778798364730118010e+03	1.165862448400167006e-01	2.292136530736574969e+02
3.250000000000000000e+02	2.758301762775125553e+03	1.157384171453751387e-01	2.258698567118836138e+02
3.270000000000000000e+02	2.738098923642127374e+03	1.149028297050404268e-01	2.225982040186891027e+02
3.280000000000000000e+02	2.728105684396495235e+03	1.144895435464568650e-01	2.209888284880682363e+02
3.300000000000000000e+02	2.708331704086290301e+03	1.136718254099592235e-01	2.178216323238568748e+02
3.310000000000000000e+02	2.698549451004722869e+03	1.132673304292405730e-01	2.162633071020877082e+02
3.330000000000000000e+02	2.679190719094511223e+03	1.124669144743335736e-01	2.131961338250740425e+02
3.350000000000000000e+02	2.660101540778468006e+03	1.116777300169996823e-01	2.101932978387404205e+02
3.360000000000000000e+02	2.650656267550498342e+03	1.112872759852481241e-01	2.087154692765496122e+02
3.380000000000000000e+02	2.631960905437746078e+03	1.105145006635656207e-01	2.058058474242596958e+02
3.390000000000000000e+02	2.622709466173763303e+03	1.101321231054341321e-01	2.043736433102610590e+02
3.410000000000000000e+02	2.604395764889739439e+03	1.093752504236408518e-01	2.015534085682805596e+02
3.430000000000000000e+02	2.586329996747332189e+03	1.086287083471809273e-01	1.987907582320598294e+02
3.440000000000000000e+02	2.577388506837383375e+03	1.082592454175199115e-01	1.974305030534938226e+02
3.460000000000000000e+02	2.559685228557554183e+03	1.075278071531442087e-01	1.947513014881366757e+02
3.470000000000000000e+02	2.550922230406221843e+03	1.071657814085248267e-01	1.934319293664601958e+02
3.490000000000000000e+02	2.533570552332587795e+03	1.064489931980471815e-01	1.908328562560194541e+02
3.510000000000000000e+02	2.516447438745192358e+03	1.057417285256034845e-01	1.882854178536007907e+02
3.520000000000000000e+02	2.507970174956223218e+03	1.053916084014371729e-01	1.870306433947703226e+02
3.540000000000000000e+02	2.491181461352446604e+03	1.046982770694589865e-01	1.845581482055443985e+02
3.550000000000000000e+02	2.482868924530511322e+03	1.043550205672306719e-01	1.833401159346715872e+02
3.570000000000000000e+02	2.466404826424580733e+03	1.036752148666434253e-01	1.809396446770575437e+02
3.590000000000000000e+02	2.450151890279801137e+03	1.030042075590052314e-01	1.785856656278633636e+02
3.600000000000000000e+02	2.442103331094383066e+03	1.026719500977587435e-01	1.774257074761929971e+02
3.620000000000000000e+02	2.426159534115731731e+03	1.020138235376095437e-01	1.751392274077688000e+02
3.640000000000000000e+02	2.410416911307983355e+03	1.013640791880232594e-01	1.728963002046218094e+02
3.650000000000000000e+02	2.402619843073009179e+03	1.010423004583163586e-01	1.717908315596052660e+02
3.670000000000000000e+02	2.387171851540554144e+03	1.004048323239837004e-01	1.696112065914922482e+02
3.680000000000000000e+02	2.379520009335745726e+03	1.000891046294254683e-01	1.685367990548199373e+02
3.700000000000000000e+02	2.364358377864619797e+03	9.946356805505403298e-02	1.664181089496667880e+02
3.720000000000000000e+02	2.349383210046687964e+03	9.884580071514645350e-02	1.643388074797599927e+02
3.730000000000000000e+02	2.341964467905709625e+03	9.853978541690193438e-02	1.633135963566381292e+02
3.750000000000000000e+02	2.327262549482918985e+03	9.793340332328015485e-02	1.612915537936511328e+02
3.770000000000000000e+02	2.312738622486583154e+03	9.733443743073420806e-02	1.593065032510958190e+02
3.780000000000000000e+02	2.305542388567447688e+03	9.703769317350133261e-02	1.583275771102736371e+02
3.800000000000000000e+02	2.291279388627727712e+03	9.644959906201307220e-02	1.563963628226049707e+02
3.820000000000000000e+02	2.277186413503647600e+03	9.586858918660848272e-02	1.544999765464035875e+02
3.830000000000000000e+02	2.270202728161659252e+03	9.558070095606162331e-02	1.535645548201213728e+02
3.850000000000000000e+02	2.256359087729824751e+03	9.501007981280019943e-02	1.517188332862633331e+02
3.870000000000000000e+02	2.242677973972941800e+03	9.444623046049127613e-02	1.499058805023340142e+02
3.880000000000000000e+02	2.235897463249987140e+03	9.416680764726118036e-02	1.490114678972994966e+02
3.900000000000000000e+02	2.222454768543595492e+03	9.361289217537112350e-02	1.472462585124844452e+02
3.910000000000000000e+02	2.215791890750935181e+03	9.333837060594353530e-02	1.463752868287550086e+02
3.930000000000000000e+02	2.202581370107733619e+03	9.279412878718115709e-02	1.446561530436871124e+02
3.950000000000000000e+02	2.189522269901975051e+03	9.225619596528662758e-02	1.429668621461523230e+02
3.960000000000000000e+02	2.183048682131146506e+03	9.198956124508407550e-02	1.421331664031679907e+02
3.980000000000000000e+02	2.170211823592037035e+03	9.146088819478429000e-02	1.404873363408291880e+02
4.000000000000000000e+02	2.157519953691937644e+03	9.093825612900313660e-02	1.388696460827714532e+02
4.010000000000000000e+02	2.151227615183884154e+03	9.067917320044514840e-02	1.380711696027624100e+02
4.030000000000000000e+02	2.138748613172237128e+03	9.016541030155500458e-02	1.364945337232086331e+02
4.050000000000000000e+02	2.126408527202282585e+03	8.965743534238732049e-02	1.349444703405049211e+02
4.060000000000000000e+02	2.120289846291216236e+03	8.940558786088999288e-02	1.341792449832230432e+02
4.080000000000000000e+02	2.108153774323136986e+03	8.890611312705228031e-02	1.326679786460800869e+02
4.100000000000000000e+02	2.096150880280431011e+03	8.841218722535287844e-02	1.311818394955592169e+02
4.110000000000000000e+02	2.090198683464333044e+03	8.816727627095233277e-02	1.304480296498152541e+02
4.130000000000000000e+02	2.078391433872369362e+03	8.768150183502522454e-02	1.289985647421361534e+02
4.150000000000000000e+02	2.066711935848493795e+03	8.720105011442771947e-02	1.275728929067968522e+02
4.160000000000000000e+02	2.060919439398310715e+03	8.696279300852736982e-02	1.268688247494281143e+02
4.180000000000000000e+02	2.049427667947082682e+03	8.649016281478487389e-02	1.254778456550562282e+02
4.200000000000000000e+02	2.038058512576763405e+03	8.602264133998197004e-02	1.241094022243143939e+02
4.210000000000000000e+02	2.032419296413880829e+03	8.579077055699023402e-02	1.234334759809837436e+02
4.230000000000000000e+02	2.021230371344932564e+03	8.533075823824548545e-02	1.220978929441421599e+02
4.250000000000000000e+02	2.010159198507894416e+03	8.487565196104725207e-02	1.207836555138274974e+02
4.260000000000000000e+02	2.004667182150905091e+03	8.464991412660904935e-02	1.201343794075465325e+02
4.280000000000000000e+02	1.993769137253360668e+03	8.420202104892544892e-02	1.188513050154085704e+02
4.300000000000000000e+02	1.982984234651685938e+03	8.375884191596413841e-02	1.175884476213879566e+02
4.310000000000000000e+02	1.977633655072841975e+03	8.353899688342997232e-02	1.169644742388012446e+02
4.330000000000000000e+02	1.967015146420874316e+03	8.310275034349566547e-02	1.157311699268644247e+02
4.350000000000000000e+02	1.956505407686463514e+03	8.267103555044194585e-02	1.145170681704760227e+02
4.360000000000000000e+02	1.951290798841526339e+03	8.245685554896875491e-02	1.139170727529814116e+02
4.380000000000000000e+02	1.940941064861626273e+03	8.203180711017422910e-02	1.127310162160600697e+02
4.400000000000000000e+02	1.930695950863819007e+03	8.161111748992308512e-02	1.115631713088832981e+02
4.410000000000000000e+02	1.925612124816497044e+03	8.140238633726486206e-02	1.109859753107834734e+02
4.430000000000000000e+02	1.915520949386042275e+03	8.098811029234362358e-02	1.098447827223485973e+02
4.450000000000000000e+02	1.905530452486726972e+03	8.057802882508222075e-02	1.087208914302055973e+02
4.470000000000000000e+02	1.895639112978742560e+03	8.017207854957432434e-02	1.076139773965246036e+02
4.480000000000000000e+02	1.890730160250929657e+03	7.997063314897631670e-02	1.070667797338603151e+02
4.500000000000000000e+02	1.880984771196339125e+03	7.957076358347013600e-02	1.059846700503499051e+02
4.520000000000000000e+02	1.871334868441585286e+03	7.917487223517032102e-02	1.049187041954282194e+02
4.530000000000000000e+02	1.866545280301124194e+03	7.897839988573658598e-02	1.043916573900795299e+02
4.550000000000000000e+02	1.857035957585350161e+03	7.858836546239794663e-02	1.033493013052001288e+02
4.570000000000000000e+02	1.847618629103504873e+03	7.820216374193998676e-02	1.023222876537486741e+02
4.580000000000000000e+02	1.842944040058621567e+03	7.801048253392636744e-02	1.018144459778809363e+02
4.600000000000000000e+02	1.833662181512593179e+03	7.762992480088019842e-02	1.008099009737327236e+02
4.620000000000000000e+02	1.824468993372352770e+03	7.725306126737117862e-02	9.981998190747390254e+01
4.630000000000000000e+02	1.819905248265818273e+03	7.706599805595820696e-02	9.933039987440125174e+01
4.650000000000000000e+02	1.810842664678640631e+03	7.669457577045962759e-02	9.836187655910767091e+01
4.670000000000000000e+02	1.801865585899414100e+03	7.632671577487838699e-02	9.740726815799220617e+01
4.690000000000000000e+02	1.792972787886186779e+03	7.596236706382920867e-02	9.646632864399393270e+01
4.700000000000000000e+02	1.788557618025729198e+03	7.578149376644707780e-02	9.600090935892457367e+01
4.720000000000000000e+02	1.779788996796638912e+03	7.542231846071972834e-02	9.507996488672048940e+01
4.740000000000000000e+02	1.771101696767139856e+03	7.506653111587772986e-02	9.417206034696357619e+01
4.750000000000000000e+02	1.766788183541165154e+03	7.488989298360031188e-02	9.372291848325629360e+01
4.770000000000000000e+02	1.758220725099202355e+03	7.453909839883726685e-02	9.283408573445075262e+01
4.790000000000000000e+02	1.749731765263119314e+03	7.419157415942076450e-02	9.195768835270537522e+01
4.800000000000000000e+02	1.745516380136928547e+03	7.401902416055312905e-02	9.152406455253786532e+01
4.820000000000000000e+02	1.737143126173978544e+03	7.367632034924136153e-02	9.066588004172946569e+01
4.840000000000000000e+02	1.728845677363728328e+03	7.333677464933846535e-02	8.981955321363687972e+01
4.860000000000000000e+02	1.720622990826215528e+03	7.300034360524501609e-02	8.898485761354315571e+01
4.870000000000000000e+02	1.716539362729825370e+03	7.283328271677769195e-02	8.857182344455075906e+01
4.890000000000000000e+02	1.708426905749451635e+03	7.250144390828686114e-02	8.775420865422044869e+01
4.910000000000000000e+02	1.700386686221600939e+03	7.217261454937295984e-02	8.694770950490755013e+01
4.920000000000000000e+02	1.696393359155881171e+03	7.200931564850437949e-02	8.654857285280435519e+01
4.940000000000000000e+02	1.688459667390343611e+03	7.168492427637990216e-02	8.575838464181127563e+01
4.960000000000000000e+02	1.680595800678944443e+03	7.136344183281349840e-02	8.497883643805165832e+01
4.980000000000000000e+02	1.672800824143198952e+03	7.104482936288868122e-02	8.420972544164777673e+01
4.990000000000000000e+02	1.668928882094865003e+03	7.088658738437823847e-02	8.382902909547875936e+01
5.010000000000000000e+02	1.661235524166703044e+03	7.057220834498216522e-02	8.307523424678284130e+01
5.030000000000000000e+02	1.653608791103722069e+03	7.026060488800227322e-02	8.233143358484439034e+01
5.040000000000000000e+02	1.649820133817269834e+03	7.010583254101646067e-02	8.196321027338079546e+01
5.060000000000000000e+02	1.642291696026602949e+03	6.979832403813147901e-02	8.123405927210498589e+01
5.080000000000000000e+02	1.634827716031019236e+03	6.949350082067447254e-02	8.051445537719371259e+01
5.100000000000000000e+02	1.627427353316881408e+03	6.919132786653579836e-02	7.980424896134856283e+01
5.110000000000000000e+02	1.623750769766742678e+03	6.904122446000832136e-02	7.945262387916928049e+01
5.130000000000000000e+02	1.616444288755336402e+03	6.874296255733355898e-02	7.875618979058019420e+01
5.150000000000000000e+02	1.609199386713039530e+03	6.844726598719183541e-02	7.806876007268827777e+01
5.160000000000000000e+02	1.605599780105390892e+03	6.830036938089013854e-02	7.772837109056455063e+01
5.180000000000000000e+02	1.598445767726199620e+03	6.800845919270291640e-02	7.705413344449002011e+01
5.200000000000000000e+02	1.591351382158684601e+03	6.771903299664991382e-02	7.638851518559955878e+01
5.220000000000000000e+02	1.584315865639646518e+03	6.743205921944372960e-02	7.573136012709102260e+01
5.230000000000000000e+02	1.580819949976839325e+03	6.728948226726207127e-02	7.540592014564582257e+01
5.250000000000000000e+02	1.573871344126105896e+03	6.700612908090841646e-02	7.476120915039982151e+01
5.270000000000000000e+02	1.566979768269361557e+03	6.672515168686367348e-02	7.412460758886595613e+01
5.290000000000000000e+02	1.560144508236106276e+03	6.644652032841322220e-02	7.349599715988087212e+01
5.300000000000000000e+02	1.556747776725040012e+03	6.630807524914589246e-02	7.318464658890532348e+01
5.320000000000000000e+02	1.549995677250478820e+03	6.603290822983719222e-02	7.256775547005594262e+01
5.340000000000000000e+02	1.543298159572043005e+03	6.576001499687739171e-02	7.195852887225296968e+01
5.350000000000000000e+02	1.539969657946411644e+03	6.562441226064055777e-02	7.165673732168720278e+01
5.370000000000000000e+02	1.533352753270541143e+03	6.535487722196205163e-02	7.105876422964384176e+01
5.390000000000000000e+02	1.526788766817284568e+03	6.508754665685104190e-02	7.046813618794897138e+01
5.410000000000000000e+02	1.520277052088950086e+03	6.482239362900303614e-02	6.988472619572142719e+01
5.420000000000000000e+02	1.517040597462197411e+03	6.469062539371468745e-02	6.959570616890785288e+01
5.440000000000000000e+02	1.510606101008645737e+03	6.442868911983956615e-02	6.902292900773895212e+01
5.460000000000000000e+02	1.504222305442234529e+03	6.416886493533839608e-02	6.845708644565168299e+01
5.480000000000000000e+02	1.497888600044641407e+03	6.391112739544070609e-02	6.789808114464864275e+01
5.490000000000000000e+02	1.494740342990661475e+03	6.378303327727113947e-02	6.762109546046555408e+01
5.510000000000000000e+02	1.488480649074181429e+03	6.352837888359239016e-02	6.707213303434794227e+01
5.530000000000000000e+02	1.482269560847733374e+03	6.327574928588740322e-02	6.652972930001601526e+01
5.550000000000000000e+02	1.476106500942010143e+03	6.302512042906693868e-02	6.599377336366181623e+01
5.560000000000000000e+02	1.473042803674728930e+03	6.290054886526533218e-02	6.572819561437104596e+01
5.580000000000000000e+02	1.466950723547229700e+03	6.265287684474182828e-02	6.520174464219775246e+01
5.600000000000000000e+02	1.460905267762333324e+03	6.240714707162099695e-02	6.468149551846974532e+01
5.610000000000000000e+02	1.457899852951919911e+03	6.228500340177573619e-02	6.442367200474299693e+01
5.630000000000000000e+02	1.451923312074737623e+03	6.204214443774874049e-02	6.391255391721497858e+01
5.650000000000000000e+02	1.445992045736101772e+03	6.180117148575560437e-02	6.340741217668226426e+01
5.670000000000000000e+02	1.440105528601544393e+03	6.156206265950497220e-02	6.290814468360207456e+01
5.680000000000000000e+02	1.437178889034991926e+03	6.144320054648775425e-02	6.266068779916973597e+01
5.700000000000000000e+02	1.431358528360260152e+03	6.120684760819656428e-02	6.217006761052621755e+01
5.720000000000000000e+02	1.425581638618726402e+03	6.097230554163034222e-02	6.168510536242612119e+01
5.740000000000000000e+02	1.419847722127597081e+03	6.073955361316427104e-02	6.120570528552266865e+01
5.750000000000000000e+02	1.416996725398445733e+03	6.062384255783296455e-02	6.096807035815661635e+01
5.770000000000000000e+02	1.411326352141558573e+03	6.039373764903862435e-02	6.049686593773557775e+01
5.790000000000000000e+02	1.405697740717762599e+03	6.016537241072272141e-02	6.003102905068519135e+01
5.810000000000000000e+02	1.400110419305254254e+03	5.993872718698210061e-02	5.957046963541573348e+01
5.820000000000000000e+02	1.397332096846765126e+03	5.982604351895233485e-02	5.934214643726199512e+01
5.840000000000000000e+02	1.391805841228891722e+03	5.960194210614990634e-02	5.888936007577981968e+01
5.860000000000000000e+02	1.386319726739412317e+03	5.937951284685506065e-02	5.844166239793635498e+01
5.880000000000000000e+02	1.380873305755078718e+03	5.915873709380652101e-02	5.799896875746431846e+01
5.890000000000000000e+02	1.378164842262619459e+03	5.904896353053375180e-02	5.777948076231002972e+01
5.910000000000000000e+02	1.372777136707295995e+03	5.883063367616140488e-02	5.734416462729581809e+01
5.930000000000000000e+02	1.367428034329326465e+03	5.861391190733266504e-02	5.691368296647001301e+01
5.950000000000000000e+02	1.362117110167548162e+03	5.839878052158422456e-02	5.648795601737354843e+01
5.960000000000000000e+02	1.359475833824263873e+03	5.829180576125058549e-02	5.627685594396841395e+01
5.980000000000000000e+02	1.354221393754301062e+03	5.807902732296894160e-02	5.585813574235139356e+01
6.000000000000000000e+02	1.349004096439170780e+03	5.786779613387969812e-02	5.544400493961135368e+01
6.020000000000000000e+02	1.343823538170876873e+03	5.765809537717546396e-02	5.503438842632452577e+01
6.030000000000000000e+02	1.341246911616733314e+03	5.755381372223127012e-02	5.483125788835673831e+01
6.050000000000000000e+02	1.336120717683022349e+03	5.734637761260599764e-02	5.442830042477598340e+01
6.070000000000000000e+02	1.331030278787193765e+03	5.714043094615117030e-02	5.402970899313072550e+01
6.090000000000000000e+02	1.325975211157540116e+03	5.693595773708579055e-02	5.363541582862174550e+01
6.110000000000000000e+02	1.320955136495718307e+03	5.673294222752366112e-02	5.324535104931992890e+01
6.120000000000000000e+02	1.318458104778040706e+03	5.663197624704745248e-02	5.305189744819828235e+01
6.140000000000000000e+02	1.313489821972586014e+03	5.643111822938113448e-02	5.266808268882844857e+01
6.160000000000000000e+02	1.308555609673165691e+03	5.623167948739751093e-02	5.228835237971473049e+01
6.180000000000000000e+02	1.303655107963845012e+03	5.603364502968141009e-02	5.191265988224019168e+01
6.190000000000000000e+02	1.301217387496317542e+03	5.593514978027559065e-02	5.172629993389978864e+01
6.210000000000000000e+02	1.296366787859574060e+03	5.573919409932785035e-02	5.135655134455944903e+01
6.230000000000000000e+02	1.291549020932665144e+03	5.554460613662238339e-02	5.099069337458730189e+01
6.250000000000000000e+02	1.286763744077107049e+03	5.535137162112734044e-02	5.062866625449645852e+01
6.260000000000000000e+02	1.284383183654175809e+03	5.525525750061431596e-02	5.044908392913385597e+01
6.280000000000000000e+02	1.279646009846187781e+03	5.506402682979261165e-02	5.009272241306651807e+01
6.300000000000000000e+02	1.274940490133840740e+03	5.487411478692839906e-02	4.974006431485261004e+01
6.320000000000000000e+02	1.270266298153611615e+03	5.468550777877986130e-02	4.939106934602876464e+01
6.330000000000000000e+02	1.267940849292858275e+03	5.459168946580470611e-02	4.921792015305136658e+01
6.350000000000000000e+02	1.263313046709495211e+03	5.440501492870079142e-02	4.887431973947359864e+01
6.370000000000000000e+02	1.258715775310719209e+03	5.421961225073154700e-02	4.853425085216832713e+01
6.390000000000000000e+02	1.254148724033455437e+03	5.403546847655217589e-02	4.819766317796343458e+01
6.410000000000000000e+02	1.249611586018004118e+03	5.385257082616188434e-02	4.786452017824264971e+01
6.420000000000000000e+02	1.247354139725534424e+03	5.376158535082997680e-02	4.769922581211203294e+01
6.440000000000000000e+02	1.242861305282836383e+03	5.358053329992132352e-02	4.737115050153116869e+01
6.460000000000000000e+02	1.238397634907087649e+03	5.340069617071910302e-02	4.704640419388048400e+01
6.480000000000000000e+02	1.233962835917658367e+03	5.322206177403768224e-02	4.672493548977980282e+01
6.490000000000000000e+02	1.231756172799272690e+03	5.313319183580551830e-02	4.656542224899720850e+01
6.510000000000000000e+02	1.227364140628707446e+03	5.295633903802800246e-02	4.624879886915354632e+01
6.530000000000000000e+02	1.223000265060878519e+03	5.278065920499463992e-02	4.593534352506569007e+01
6.550000000000000000e+02	1.218664266781869628e+03	5.260614070464084135e-02	4.562502567209116222e+01
6.560000000000000000e+02	1.216506635348809823e+03	5.251931336119337879e-02	4.547103007303832811e+01
6.580000000000000000e+02	1.212211937318986429e+03	5.234651538438952340e-02	4.516532826476046836e+01
6.600000000000000000e+02	1.207944434250963241e+03	5.217485032529932398e-02	4.486266063932237103e+01
6.620000000000000000e+02	1.203703859442918429e+03	5.200430707748104897e-02	4.456298022190505748e+01
6.640000000000000000e+02	1.199489949662489153e+03	5.183487467918849317e-02	4.426625634701938594e+01
6.650000000000000000e+02	1.197392912833920491e+03	5.175057166206220582e-02	4.411899400266482729e+01
6.670000000000000000e+02	1.193218514492043369e+03	5.158278529559606751e-02	4.382662135364142131e+01
6.690000000000000000e+02	1.189070137921899004e+03	5.141608299209259048e-02	4.353711375013726581e+01
6.710000000000000000e+02	1.184947531606027724e+03	5.125045427806837472e-02	4.325042936671932381e+01
6.720000000000000000e+02	1.182895814578330146e+03	5.116803928097231335e-02	4.310812641034855375e+01
6.740000000000000000e+02	1.178811399092015563e+03	5.100400160695904572e-02	4.282560535028991211e+01
6.760000000000000000e+02	1.174752139071172451e+03	5.084101192238886513e-02	4.254581178519242712e+01
6.780000000000000000e+02	1.170717794069820684e+03	5.067906021511110054e-02	4.226872106505789617e+01
6.800000000000000000e+02	1.166708126687615959e+03	5.051813660015078838e-02	4.199429196733183289e+01
6.810000000000000000e+02	1.164712473740947644e+03	5.043805727249366794e-02	4.185806666059404080e+01
6.830000000000000000e+02	1.160739384223390971e+03	5.027865753481255973e-02	4.158757061055734283e+01
6.850000000000000000e+02	1.156790391865146830e+03	5.012026172006287666e-02	4.131965774446868522e+01
6.870000000000000000e+02	1.152865269569156453e+03	4.996286037259732582e-02	4.105428885104263514e+01
6.890000000000000000e+02	1.148963793080234382e+03	4.980644415516950751e-02	4.079144191107238271e+01
6.900000000000000000e+02	1.147021852701217085e+03	4.972860258423965341e-02	4.066094605754951630e+01
6.920000000000000000e+02	1.143155430549724542e+03	4.957364680893089348e-02	4.040181778036782845e+01
6.940000000000000000e+02	1.139312105706195325e+03	4.941965332637127811e-02	4.014512777499761853e+01
6.960000000000000000e+02	1.135491663510931403e+03	4.926661319928914151e-02	3.989084119070896151e+01
6.970000000000000000e+02	1.133589957051695592e+03	4.919044788137731661e-02	3.976459919978299240e+01
6.990000000000000000e+02	1.129803442126409664e+03	4.903882127102363042e-02	3.951387761248054176e+01
7.010000000000000000e+02	1.126039284697738140e+03	4.888812615197799666e-02	3.926548911678521847e+01
7.030000000000000000e+02	1.122297279198239721e+03	4.873835396574958956e-02	3.901941248915902349e+01
7.050000000000000000e+02	1.118577222567908393e+03	4.858949625844401904e-02	3.877561308830732401e+01
7.060000000000000000e+02	1.116725362293150056e+03	4.851540772067763213e-02	3.865456352532653739e+01
7.080000000000000000e+02	1.113037853613256857e+03	4.836790610526767870e-02	3.841413735123666839e+01
7.100000000000000000e+02	1.109371796873773974e+03	4.822129828080960051e-02	3.817591892876420445e+01
7.120000000000000000e+02	1.105726997491486827e+03	4.807557614687275882e-02	3.793989049007988967e+01
7.140000000000000000e+02	1.102103263232741028e+03	4.793073170053042259e-02	3.770602352241720467e+01
7.150000000000000000e+02	1.100299236080923265e+03	4.785863613567492569e-02	3.758988504062732261e+01
7.170000000000000000e+02	1.096706744095477234e+03	4.771509342535251025e-02	3.735920766994305353e+01
7.190000000000000000e+02	1.093134846656030049e+03	4.757240881292174040e-02	3.713062140604706940e+01
7.210000000000000000e+02	1.089583359444670577e+03	4.743057462574342548e-02	3.690410985019969559e+01
7.220000000000000000e+02	1.087815212677458021e+03	4.735997406889338318e-02	3.679162693164567344e+01
7.240000000000000000e+02	1.084294000002050097e+03	4.721940133247347349e-02	3.656817112559021155e+01
7.260000000000000000e+02	1.080792746274413958e+03	4.707966023570432645e-02	3.634673214972538347e+01
7.280000000000000000e+02	1.077311274700441572e+03	4.694074341926199323e-02	3.612728003120588482e+01
7.300000000000000000e+02	1.073849410561261493e+03	4.680264361040441939e-02	3.590978746352611495e+01
7.310000000000000000e+02	1.072125777240560410e+03	4.673389783444013845e-02	3.580177259591275174e+01
7.330000000000000000e+02	1.068693001128065589e+03	4.659701008685884771e-02	3.558718314146710071e+01
7.350000000000000000e+02	1.065279404545138277e+03	4.646092153548655318e-02	3.537450526669887552e+01
7.370000000000000000e+02	1.061884819811113857e+03	4.632562520076724533e-02	3.516371295696756505e+01
7.390000000000000000e+02	1.058509081187885158e+03	4.619111418414977022e-02	3.495477819275502895e+01
7.400000000000000000e+02	1.056828227894947759e+03	4.612415103620378515e-02	3.485100917864162540e+01
7.420000000000000000e+02	1.053480451861233860e+03	4.599080523637640722e-02	3.464483461453247060e+01
7.440000000000000000e+02	1.050151115909565078e+03	4.585822785515500377e-02	3.444046747451945123e+01
7.460000000000000000e+02	1.046840060896214027e+03	4.572641226854718549e-02	3.423789347843862885e+01
7.480000000000000000e+02	1.043547129488058999e+03	4.559535192845719231e-02	3.403708631630078685e+01
7.490000000000000000e+02	1.041907411462965456e+03	4.553010295007652725e-02	3.393734337584003669e+01
7.510000000000000000e+02	1.038641374395561115e+03	4.540016336544391157e-02	3.373915708192871676e+01
7.530000000000000000e+02	1.035393075413219094e+03	4.527096298213768855e-02	3.354268685783159754e+01
7.550000000000000000e+02	1.032162363360389008e+03	4.514249550929497895e-02	3.334792130116069586e+01
7.570000000000000000e+02	1.028949088789814596e+03	4.501475472734182276e-02	3.315483920706982701e+01
7.580000000000000000e+02	1.027348944319602197e+03	4.495115492098848003e-02	3.305891679204314926e+01
7.600000000000000000e+02	1.024161549437822487e+03	4.482449266671905547e-02	3.286832068665757589e+01
7.620000000000000000e+02	1.020991225739851302e+03	4.469854185906894928e-02	3.267935572263384358e+01
7.640000000000000000e+02	1.017837829568323968e+03	4.457329651973996471e-02	3.249201181672328431e+01
7.660000000000000000e+02	1.014701218871203423e+03	4.444875073721770570e-02	3.230626524682110556e+01
7.670000000000000000e+02	1.013139164117629889e+03	4.438673835044251725e-02	3.221398676192295341e+01
7.690000000000000000e+02	1.010027468736738115e+03	4.426323096286222808e-02	3.203060587302950069e+01
7.710000000000000000e+02	1.006932210568046230e+03	4.414040863948096721e-02	3.184878223359775262e+01
7.730000000000000000e+02	1.003853252996013453e+03	4.401826569531353678e-02	3.166849309160734194e+01
7.750000000000000000e+02	1.000790460907809802e+03	4.389679650813244072e-02	3.148972833833116169e+01
7.770000000000000000e+02	9.977437006830232349e+02	4.377599551758955265e-02	3.131246593603065165e+01
7.780000000000000000e+02	9.962262911622865431e+02	4.371584387515216330e-02	3.122439709223726823e+01
7.800000000000000000e+02	9.932033313818616307e+02	4.359603488710789981e-02	3.104936527699376470e+01
7.820000000000000000e+02	9.901960757610708015e+02	4.347688045988317568e-02	3.087579427304194368e+01
7.840000000000000000e+02	9.872043957149916196e+02	4.335837524306530161e-02	3.070367574735314875e+01
7.860000000000000000e+02	9.842281640519283883e+02	4.324051394439834550e-02	3.053299212046935551e+01
7.870000000000000000e+02	9.827458019954899555e+02	4.318182312621900165e-02	3.044817720916297077e+01
7.890000000000000000e+02	9.797925074311182243e+02	4.306491790698240008e-02	3.027961338549648929e+01
7.910000000000000000e+02	9.768543492576435483e+02	4.294864362445901390e-02	3.011244096814679949e+01
7.930000000000000000e+02	9.739312050192407924e+02	4.283299518378468757e-02	2.994665268727569796e+01
7.950000000000000000e+02	9.710229535788779458e+02	4.271796754483898895e-02	2.978222840900965096e+01
7.960000000000000000e+02	9.695743751547299780e+02	4.266068496572597568e-02	2.970052448849268956e+01
7.980000000000000000e+02	9.666882385999540475e+02	4.254657919691427759e-02	2.953812169328365655e+01
8.000000000000000000e+02	9.638166976222453286e+02	4.243308186396033133e-02	2.937705047759147092e+01
8.020000000000000000e+02	9.609596355406329167e+02	4.232018811259180557e-02	2.921729148332343939e+01
8.040000000000000000e+02	9.581169369095516686e+02	4.220789313983868557e-02	2.905883835472632626e+01
8.050000000000000000e+02	9.567009381462535202e+02	4.215196870848021693e-02	2.898009086674040091e+01
8.070000000000000000e+02	9.538795708969760199e+02	4.204056300935619939e-02	2.882356668667748423e+01
8.090000000000000000e+02	9.510722837920932307e+02	4.192974430258966656e-02	2.866830923585880697e+01
8.110000000000000000e+02	9.482789655813502350e+02	4.181950796031970452e-02	2.851430393873088320e+01
8.130000000000000000e+02	9.454995061869578876e+02	4.170984940315512063e-02	2.836154402579802536e+01
8.150000000000000000e+02	9.427337966781992691e+02	4.160076409960844490e-02	2.821001521474301654e+01
8.160000000000000000e+02	9.413560644018815537e+02	4.154643501477655460e-02	2.813470247821324932e+01
8.180000000000000000e+02	9.386107779519855967e+02	4.143820119832594684e-02	2.798499297858101897e+01
8.200000000000000000e+02	9.358789739920537158e+02	4.133052951219051002e-02	2.783647799282072910e+01
8.220000000000000000e+02	9.331605474968043836e+02	4.122341558763052694e-02	2.768915245303378114e+01
8.240000000000000000e+02	9.304553945259826833e+02	4.111685510106581620e-02	2.754299909609904873e+01
8.250000000000000000e+02	9.291077634237210532e+02	4.106378105811789303e-02	2.747035942333397429e+01
8.270000000000000000e+02	9.264223281860088264e+02	4.095804271916925199e-02	2.732594439741897574e+01
8.290000000000000000e+02	9.237499112725554369e+02	4.085284720296854244e-02	2.718267517927618826e+01
8.310000000000000000e+02	9.210904124262494861e+02	4.074819033949119568e-02	2.704053513237273876e+01
8.330000000000000000e+02	9.184437324154072257e+02	4.064406800125071328e-02	2.689951880873072554e+01
8.350000000000000000e+02	9.158097730156707712e+02	4.054047610282486558e-02	2.675961008213769432e+01
8.360000000000000000e+02	9.144975331229263702e+02	4.048887780323384700e-02	2.669007123742867194e+01
8.380000000000000000e+02	9.118824726494405013e+02	4.038607399508738205e-02	2.655180991631590359e+01
8.400000000000000000e+02	9.092798915624325673e+02	4.028379059379409710e-02	2.641462768933237726e+01
8.420000000000000000e+02	9.066896950746485118e+02	4.018202365697563783e-02	2.627852044138525045e+01
8.440000000000000000e+02	9.041117893479373606e+02	4.008076928201838307e-02	2.614347576183153521e+01
8.450000000000000000e+02	9.028274164553273522e+02	4.003033309640124243e-02	2.607634290362501162e+01
8.470000000000000000e+02	9.002677729881299911e+02	3.992984033246306519e-02	2.594286941747336428e+01
8.490000000000000000e+02	8.977201897880379420e+02	3.982985054433804684e-02	2.581042728393039098e+01
8.550000000000000000e+02	8.901489003710004226e+02	3.953286154704836047e-02	2.541921722520010718e+01
8.650000000000000000e+02	8.777630092711578982e+02	3.904759503525204872e-02	2.478697518383091492e+01
8.760000000000000000e+02	8.644637885593249393e+02	3.852736964928851759e-02	2.411884344440430183e+01
8.860000000000000000e+02	8.526582788461417977e+02	3.806631446252700668e-02	2.353895682731235794e+01
8.970000000000000000e+02	8.399735066702761515e+02	3.757172486293863106e-02	2.385523112788554201e+01
9.080000000000000000e+02	8.275925554278014715e+02	3.708981382829370371e-02	2.416973468194095886e+01
9.190000000000000000e+02	8.155038430531924405e+02	3.662009990726064479e-02	2.448023238663425261e+01
9.300000000000000000e+02	8.036963655049951285e+02	3.616212572025889055e-02	2.478432567731833558e+01
9.410000000000000000e+02	8.001468469106339398e+02	3.571545647361473730e-02	2.507940365478810918e+01
9.530000000000000000e+02	8.201837611891496636e+02	3.524058872217927796e-02	2.538793218255451123e+01
9.640000000000000000e+02	8.382581301893460477e+02	3.481624400594141716e-02	2.565571989164905631e+01
9.760000000000000000e+02	8.575328716976658825e+02	3.436481721913137860e-02	2.592861566631338732e+01
9.880000000000000000e+02	8.762303513798847234e+02	3.392493737942617327e-02	2.617909496696783123e+01
1.000000000000000000e+03	8.942585013923999213e+02	3.349616692830246351e-02	2.640566987317046710e+01
