f	Passivity_index
1.000000000000000000e+00	2.643032602123782893e-07
2.000000000000000000e+00	4.097575860966384680e-08
3.000000000000000000e+00	2.597891555117749551e-07
4.000000000000000000e+00	2.593388442599715973e-07
5.000000000000000000e+00	2.556491977580049025e-07
6.000000000000000000e+00	2.552187812094399112e-07
7.000000000000000000e+00	2.533281265586651704e-07
8.000000000000000000e+00	2.508337576222390851e-07
9.000000000000000000e+00	2.489683324040446913e-07
1.000000000000000000e+01	2.465511156434767047e-07
1.100000000000000000e+01	2.448077023527786960e-07
1.200000000000000000e+01	2.445786982213892386e-07
1.300000000000000000e+01	2.412077528179647605e-07
1.400000000000000000e+01	2.411188668281065721e-07
1.500000000000000000e+01	2.396739518488598520e-07
1.600000000000000000e+01	2.376993154969502276e-07
1.700000000000000000e+01	2.364147796478786488e-07
1.800000000000000000e+01	2.346952792558985840e-07
1.900000000000000000e+01	2.337499471131421662e-07
2.000000000000000000e+01	2.343970140715064443e-07
2.100000000000000000e+01	2.320609696270006504e-07
2.200000000000000000e+01	2.330896597553611507e-07
2.300000000000000000e+01	2.329291246212155854e-07
2.400000000000000000e+01	2.323773053077283782e-07
2.500000000000000000e+01	2.326388077921129299e-07
2.600000000000000000e+01	2.326398309924726760e-07
2.700000000000000000e+01	2.335644317885128319e-07
2.800000000000000000e+01	2.361954777452431070e-07
2.900000000000000000e+01	2.360318924530730109e-07
3.000000000000000000e+01	2.393068276244781848e-07
3.100000000000000000e+01	2.415290482936793001e-07
3.200000000000000000e+01	2.434215368633613124e-07
3.300000000000000000e+01	2.461060975649035322e-07
3.400000000000000000e+01	2.484979753744087275e-07
3.500000000000000000e+01	2.516554521338996410e-07
3.600000000000000000e+01	2.561826364315500930e-07
3.700000000000000000e+01	2.575210206716980669e-07
3.800000000000000000e+01	2.615934495589884014e-07
3.900000000000000000e+01	2.637911471443945403e-07
4.000000000000000000e+01	2.645301619557358108e-07
4.100000000000000000e+01	2.646901556585521316e-07
4.200000000000000000e+01	2.631623591282016820e-07
4.300000000000000000e+01	2.612055019387858652e-07
4.400000000000000000e+01	2.602543529501474845e-07
4.500000000000000000e+01	2.576786298096158673e-07
4.600000000000000000e+01	2.619698134894838951e-07
4.700000000000000000e+01	2.689018141793260814e-07
4.800000000000000000e+01	2.662954192559910926e-07
4.900000000000000000e+01	2.381105192252621747e-07
5.100000000000000000e+01	-3.489024366745775187e-07
5.200000000000000000e+01	2.656647365439244691e-07
5.300000000000000000e+01	2.691797078287607276e-07
5.400000000000000000e+01	2.604904263822527164e-07
5.500000000000000000e+01	2.590900482899465657e-07
5.600000000000000000e+01	2.601416193796502738e-07
5.700000000000000000e+01	2.618491157486790793e-07
5.800000000000000000e+01	2.637223628004722081e-07
5.900000000000000000e+01	2.641210737537892177e-07
6.000000000000000000e+01	2.639487376313111278e-07
6.100000000000000000e+01	2.639717146147817254e-07
6.200000000000000000e+01	2.602181493275340277e-07
6.300000000000000000e+01	2.588661921824649705e-07
6.400000000000000000e+01	2.559593267146765986e-07
6.500000000000000000e+01	2.522720477390829747e-07
6.600000000000000000e+01	2.490414522308882492e-07
6.700000000000000000e+01	2.455297567599528952e-07
6.800000000000000000e+01	2.428572207369037015e-07
6.900000000000000000e+01	2.416936786774157544e-07
7.000000000000000000e+01	2.379314496372344029e-07
7.100000000000000000e+01	2.373820906592358530e-07
7.200000000000000000e+01	2.359544032315585609e-07
7.300000000000000000e+01	2.342085822157131085e-07
7.400000000000000000e+01	2.331852712272475944e-07
7.500000000000000000e+01	2.320658840150795003e-07
7.600000000000000000e+01	2.318472777767385006e-07
7.700000000000000000e+01	2.330849580767037358e-07
7.800000000000000000e+01	2.317248611693096215e-07
7.900000000000000000e+01	2.334149089002722103e-07
8.000000000000000000e+01	2.341487382134158442e-07
8.100000000000000000e+01	2.344240139856595004e-07
8.200000000000000000e+01	2.352429513043358593e-07
8.300000000000000000e+01	2.358444911550137114e-07
8.400000000000000000e+01	2.371969618258763081e-07
8.500000000000000000e+01	2.398213078859781085e-07
8.600000000000000000e+01	2.397586996383049871e-07
8.700000000000000000e+01	2.425611845357716091e-07
8.800000000000000000e+01	2.443222754090476163e-07
8.900000000000000000e+01	2.455054819238903858e-07
9.000000000000000000e+01	2.470965940109952969e-07
9.100000000000000000e+01	2.483967017881036720e-07
9.200000000000000000e+01	2.503547115145868138e-07
9.300000000000000000e+01	2.534652411643373629e-07
9.400000000000000000e+01	2.538593529183404722e-07
9.500000000000000000e+01	2.569997039208970456e-07
9.600000000000000000e+01	2.590717372000009473e-07
9.700000000000000000e+01	2.605070992294371443e-07
9.800000000000000000e+01	2.622657017086866338e-07
9.900000000000000000e+01	2.636758212703793992e-07
1.000000000000000000e+02	2.657564398243880692e-07
1.020000000000000000e+02	2.709448932543238436e-07
1.030000000000000000e+02	2.712524310170912465e-07
1.040000000000000000e+02	2.744608259773644896e-07
1.050000000000000000e+02	2.765189170012644938e-07
1.060000000000000000e+02	2.778565863642114402e-07
1.070000000000000000e+02	2.795013369397381197e-07
1.080000000000000000e+02	2.808026802262706182e-07
1.090000000000000000e+02	2.827749779699999878e-07
1.100000000000000000e+02	2.859087178782190611e-07
1.120000000000000000e+02	2.878211477361106716e-07
1.130000000000000000e+02	2.908703812063073836e-07
1.140000000000000000e+02	2.927698574438383867e-07
1.150000000000000000e+02	2.939220003586130800e-07
1.160000000000000000e+02	2.953405031036620836e-07
1.170000000000000000e+02	2.963561384164744613e-07
1.190000000000000000e+02	2.997948856256376975e-07
1.200000000000000000e+02	3.029423829237907518e-07
1.210000000000000000e+02	3.025762751715856221e-07
1.220000000000000000e+02	3.056617315995652618e-07
1.230000000000000000e+02	3.074116937580055211e-07
1.250000000000000000e+02	3.097612324617202649e-07
1.260000000000000000e+02	3.109501503583104248e-07
1.270000000000000000e+02	3.118803714091642216e-07
1.280000000000000000e+02	3.134733276345087401e-07
1.290000000000000000e+02	3.161432467694243936e-07
1.310000000000000000e+02	3.173300243763871677e-07
1.320000000000000000e+02	3.199208499535801940e-07
1.330000000000000000e+02	3.214570689149176878e-07
1.340000000000000000e+02	3.222544864226032507e-07
1.360000000000000000e+02	3.245742559166378570e-07
1.370000000000000000e+02	3.253429586245607067e-07
1.380000000000000000e+02	3.267730927920964551e-07
1.390000000000000000e+02	3.292392811104053857e-07
1.410000000000000000e+02	3.301362392764397695e-07
1.420000000000000000e+02	3.325339421880865575e-07
1.430000000000000000e+02	3.339286156880715230e-07
1.440000000000000000e+02	3.345916197078523880e-07
1.460000000000000000e+02	3.365931320176622293e-07
1.470000000000000000e+02	3.371749452950296081e-07
1.480000000000000000e+02	3.385044604115726731e-07
1.490000000000000000e+02	3.409637261278086628e-07
1.510000000000000000e+02	3.414491455460530233e-07
1.520000000000000000e+02	3.438468168877134410e-07
1.530000000000000000e+02	3.451614293892680172e-07
1.550000000000000000e+02	3.467107077742354776e-07
1.560000000000000000e+02	3.473964098278609362e-07
1.570000000000000000e+02	3.478263031343505373e-07
1.590000000000000000e+02	3.501129966719088508e-07
1.600000000000000000e+02	3.525798559858464551e-07
1.610000000000000000e+02	3.517166531719694041e-07
1.620000000000000000e+02	3.541469801751942944e-07
1.640000000000000000e+02	3.563941527166591220e-07
1.650000000000000000e+02	3.567585951354322155e-07
1.660000000000000000e+02	3.573262419618553641e-07
1.680000000000000000e+02	3.586520879498442701e-07
1.690000000000000000e+02	3.598604535827945043e-07
1.710000000000000000e+02	3.631424247827219307e-07
1.720000000000000000e+02	3.622636464207931107e-07
1.730000000000000000e+02	3.645755539821584869e-07
1.750000000000000000e+02	3.667103200625011605e-07
1.760000000000000000e+02	3.670358877522333827e-07
1.770000000000000000e+02	3.675193603998965952e-07
1.790000000000000000e+02	3.687299573311587505e-07
1.800000000000000000e+02	3.699077080463816239e-07
1.810000000000000000e+02	3.722322448309392477e-07
1.830000000000000000e+02	3.721571375939995452e-07
1.840000000000000000e+02	3.744377259264887299e-07
1.860000000000000000e+02	3.765157623489348702e-07
1.870000000000000000e+02	3.767953652438070591e-07
1.880000000000000000e+02	3.772172254509631248e-07
1.900000000000000000e+02	3.783806684130543117e-07
1.910000000000000000e+02	3.795379432288791271e-07
1.920000000000000000e+02	3.817826208664566265e-07
1.940000000000000000e+02	3.817036120186948741e-07
1.950000000000000000e+02	3.839075082014855413e-07
1.970000000000000000e+02	3.859505453026927328e-07
1.980000000000000000e+02	3.862290298409161085e-07
1.990000000000000000e+02	3.866490125170407702e-07
2.010000000000000000e+02	3.878935920802784688e-07
2.020000000000000000e+02	3.889989182619526632e-07
2.040000000000000000e+02	3.917731961815857254e-07
2.050000000000000000e+02	3.911851363458668811e-07
2.070000000000000000e+02	3.939338308959903971e-07
2.080000000000000000e+02	3.950778279051313277e-07
2.090000000000000000e+02	3.954665715173087320e-07
2.110000000000000000e+02	3.966956264504038014e-07
2.120000000000000000e+02	3.969966215973245039e-07
2.140000000000000000e+02	3.990059054839953068e-07
2.150000000000000000e+02	4.011668809349698396e-07
2.170000000000000000e+02	4.011075126215403334e-07
2.180000000000000000e+02	4.032346308305492147e-07
2.200000000000000000e+02	4.052943697718934134e-07
2.210000000000000000e+02	4.055907898102039788e-07
2.220000000000000000e+02	4.059455658268218523e-07
2.240000000000000000e+02	4.071751730538986490e-07
2.250000000000000000e+02	4.083269139012679139e-07
2.270000000000000000e+02	4.111310797223003042e-07
2.280000000000000000e+02	4.104917659834969582e-07
2.300000000000000000e+02	4.132777885786482040e-07
2.310000000000000000e+02	4.144794423150954926e-07
2.330000000000000000e+02	4.157228647600097676e-07
2.340000000000000000e+02	4.161048999377638445e-07
2.360000000000000000e+02	4.173864286842646280e-07
2.370000000000000000e+02	4.185575249429919619e-07
2.390000000000000000e+02	4.213270057323846189e-07
2.400000000000000000e+02	4.207750357504344798e-07
2.420000000000000000e+02	4.235299435849804746e-07
2.430000000000000000e+02	4.247547060696741903e-07
2.450000000000000000e+02	4.260613234474964261e-07
2.460000000000000000e+02	4.264555138352804685e-07
2.480000000000000000e+02	4.278039206773703799e-07
2.490000000000000000e+02	4.290003818916956139e-07
2.510000000000000000e+02	4.317490848872509160e-07
2.520000000000000000e+02	4.312926178706142484e-07
2.540000000000000000e+02	4.340298915217345010e-07
2.550000000000000000e+02	4.352830291085977171e-07
2.570000000000000000e+02	4.366662574865641864e-07
2.580000000000000000e+02	4.370810827871609538e-07
2.600000000000000000e+02	4.385092827888631349e-07
2.610000000000000000e+02	4.397361296352790308e-07
2.630000000000000000e+02	4.424761796860965667e-07
2.640000000000000000e+02	4.421224987233504139e-07
2.660000000000000000e+02	4.448540440828496906e-07
2.670000000000000000e+02	4.461400265602188414e-07
2.690000000000000000e+02	4.476118374331523362e-07
2.700000000000000000e+02	4.480551529251710416e-07
2.720000000000000000e+02	4.495747840917802662e-07
2.730000000000000000e+02	4.508364153864177518e-07
2.750000000000000000e+02	4.535788626835718577e-07
2.760000000000000000e+02	4.533347127696755889e-07
2.780000000000000000e+02	4.560715036932671185e-07
2.790000000000000000e+02	4.573943147295796268e-07
2.810000000000000000e+02	4.589658283536889766e-07
2.830000000000000000e+02	4.603816008219263920e-07
2.840000000000000000e+02	4.609726663193687573e-07
2.860000000000000000e+02	4.632998810132432191e-07
2.870000000000000000e+02	4.652340488024928422e-07
2.890000000000000000e+02	4.658890134454594093e-07
2.900000000000000000e+02	4.677961869641939905e-07
2.920000000000000000e+02	4.702148302980058555e-07
2.930000000000000000e+02	4.708294663137667421e-07
2.950000000000000000e+02	4.723280031616316776e-07
2.970000000000000000e+02	4.740727390828993186e-07
2.980000000000000000e+02	4.754196021656353245e-07
3.000000000000000000e+02	4.782004038698164527e-07
3.010000000000000000e+02	4.782049945429755859e-07
3.030000000000000000e+02	4.809862543231818589e-07
3.040000000000000000e+02	4.823975937082247700e-07
3.060000000000000000e+02	4.842109772283236236e-07
3.080000000000000000e+02	4.857818002042182847e-07
3.090000000000000000e+02	4.864757662715369447e-07
3.110000000000000000e+02	4.890462224856884357e-07
3.120000000000000000e+02	4.910656383463886397e-07
3.140000000000000000e+02	4.919090412014680348e-07
3.150000000000000000e+02	4.938999762409950227e-07
3.170000000000000000e+02	4.965727707888999596e-07
3.190000000000000000e+02	4.984146570851906362e-07
3.200000000000000000e+02	4.989472675743599556e-07
3.220000000000000000e+02	5.009166578893888410e-07
3.230000000000000000e+02	5.024091466169829109e-07
3.250000000000000000e+02	5.053908276559129164e-07
3.270000000000000000e+02	5.066675064724970297e-07
3.280000000000000000e+02	5.084924138592728785e-07
3.300000000000000000e+02	5.112267538512666625e-07
3.310000000000000000e+02	5.121115373176293760e-07
3.330000000000000000e+02	5.139646552386339332e-07
3.350000000000000000e+02	5.161413170623673281e-07
3.360000000000000000e+02	5.176560076585931161e-07
3.380000000000000000e+02	5.205758003523825720e-07
3.390000000000000000e+02	5.210137884064461206e-07
3.410000000000000000e+02	5.239479955002895376e-07
3.430000000000000000e+02	5.267658495990975908e-07
3.440000000000000000e+02	5.278000934254968048e-07
3.460000000000000000e+02	5.298364566677459239e-07
3.470000000000000000e+02	5.309222401382911169e-07
3.490000000000000000e+02	5.337667965944067659e-07
3.510000000000000000e+02	5.367563593819704316e-07
3.520000000000000000e+02	5.373594890678722618e-07
3.540000000000000000e+02	5.403672550162735767e-07
3.550000000000000000e+02	5.420137913974904416e-07
3.570000000000000000e+02	5.444690699732365836e-07
3.590000000000000000e+02	5.466758234028330516e-07
3.600000000000000000e+02	5.478707837884403727e-07
3.620000000000000000e+02	5.508616176745749083e-07
3.640000000000000000e+02	5.539344001786188775e-07
3.650000000000000000e+02	5.547144229198681148e-07
3.670000000000000000e+02	5.578097504132833459e-07
3.680000000000000000e+02	5.595243584339633045e-07
3.700000000000000000e+02	5.621773796451968449e-07
3.720000000000000000e+02	5.645704258959400329e-07
3.730000000000000000e+02	5.658894262244228907e-07
3.750000000000000000e+02	5.690401213794776765e-07
3.770000000000000000e+02	5.721900108055085073e-07
3.780000000000000000e+02	5.731776176147851814e-07
3.800000000000000000e+02	5.763575180178547699e-07
3.820000000000000000e+02	5.796298788311569992e-07
3.830000000000000000e+02	5.810164949688515695e-07
3.850000000000000000e+02	5.836149772335828061e-07
3.870000000000000000e+02	5.865702095850667874e-07
3.880000000000000000e+02	5.883663268919012160e-07
3.900000000000000000e+02	5.916469940806918347e-07
3.910000000000000000e+02	5.928093502577886512e-07
3.930000000000000000e+02	5.961222298644345570e-07
3.950000000000000000e+02	5.995673709412058091e-07
3.960000000000000000e+02	6.010760015026805224e-07
3.980000000000000000e+02	6.038164035033348678e-07
4.000000000000000000e+02	6.069125718587448010e-07
4.010000000000000000e+02	6.089023726699580971e-07
4.030000000000000000e+02	6.125344795535629125e-07
4.050000000000000000e+02	6.152381856459245377e-07
4.060000000000000000e+02	6.172275945072096115e-07
4.080000000000000000e+02	6.209861504657301747e-07
4.100000000000000000e+02	6.242445466197297599e-07
4.110000000000000000e+02	6.254323573272194515e-07
4.130000000000000000e+02	6.287744437845215535e-07
4.150000000000000000e+02	6.326046009543563071e-07
4.160000000000000000e+02	6.346300012025683688e-07
4.180000000000000000e+02	6.376490551149635555e-07
4.200000000000000000e+02	6.414624189687697511e-07
4.210000000000000000e+02	6.436382414890177268e-07
4.230000000000000000e+02	6.471550135517041051e-07
4.250000000000000000e+02	6.504097941502949909e-07
4.260000000000000000e+02	6.522832326895967725e-07
4.280000000000000000e+02	6.561988898069523602e-07
4.300000000000000000e+02	6.598783584762025346e-07
4.310000000000000000e+02	6.617346619032191874e-07
4.330000000000000000e+02	6.654643687278400001e-07
4.350000000000000000e+02	6.695168374276428906e-07
4.360000000000000000e+02	6.714848407577194730e-07
4.380000000000000000e+02	6.750848731910823501e-07
4.400000000000000000e+02	6.790453089983243696e-07
4.410000000000000000e+02	6.812493541567746033e-07
4.430000000000000000e+02	6.852019337709371405e-07
4.450000000000000000e+02	6.891710889147694830e-07
4.470000000000000000e+02	6.931929199833400594e-07
4.480000000000000000e+02	6.954762741840132108e-07
4.500000000000000000e+02	6.996398731886559949e-07
4.520000000000000000e+02	7.035592284935118224e-07
4.530000000000000000e+02	7.057618506592878584e-07
4.550000000000000000e+02	7.101483317211337522e-07
4.570000000000000000e+02	7.141961983797274661e-07
4.580000000000000000e+02	7.165498385131490654e-07
4.600000000000000000e+02	7.206594990887019039e-07
4.620000000000000000e+02	7.251887227545477692e-07
4.630000000000000000e+02	7.275006599150161072e-07
4.650000000000000000e+02	7.316708985314806842e-07
4.670000000000000000e+02	7.361945640617014952e-07
4.690000000000000000e+02	7.409975529599374547e-07
4.700000000000000000e+02	7.432311501913481918e-07
4.720000000000000000e+02	7.477562777556491712e-07
4.740000000000000000e+02	7.523421552180320057e-07
4.750000000000000000e+02	7.549587853309650663e-07
4.770000000000000000e+02	7.597095680882446197e-07
4.790000000000000000e+02	7.641337355423744629e-07
4.800000000000000000e+02	7.666160726152241273e-07
4.820000000000000000e+02	7.716698052161371933e-07
4.840000000000000000e+02	7.763587750054681815e-07
4.860000000000000000e+02	7.813960639247559044e-07
4.870000000000000000e+02	7.836775476200897217e-07
4.890000000000000000e+02	7.888994084158625250e-07
4.910000000000000000e+02	7.940344417082195334e-07
4.920000000000000000e+02	7.963621690142955854e-07
4.940000000000000000e+02	8.016575806651658176e-07
4.960000000000000000e+02	8.069216804425233981e-07
4.980000000000000000e+02	8.117192085313255608e-07
4.990000000000000000e+02	8.147941418356050356e-07
5.010000000000000000e+02	8.196688666775846376e-07
5.030000000000000000e+02	8.250904255919353615e-07
5.040000000000000000e+02	8.279615891216823749e-07
5.060000000000000000e+02	8.332101679896283546e-07
5.080000000000000000e+02	8.388052273585940738e-07
5.100000000000000000e+02	8.444955767175720785e-07
5.110000000000000000e+02	8.469770289514535777e-07
5.130000000000000000e+02	8.528350943131485538e-07
5.150000000000000000e+02	8.581892262730726046e-07
5.160000000000000000e+02	8.611966843086662679e-07
5.180000000000000000e+02	8.670592210170152140e-07
5.200000000000000000e+02	8.727225592718096044e-07
5.220000000000000000e+02	8.787700006058074666e-07
5.230000000000000000e+02	8.817313938342623561e-07
5.250000000000000000e+02	8.871284785096921380e-07
5.270000000000000000e+02	8.937039851955296863e-07
5.290000000000000000e+02	8.992284859056014601e-07
5.300000000000000000e+02	9.022533100816302184e-07
5.320000000000000000e+02	9.085856783825479290e-07
5.340000000000000000e+02	9.147146294768703639e-07
5.350000000000000000e+02	9.180357624401221966e-07
5.370000000000000000e+02	9.243485739104282815e-07
5.390000000000000000e+02	9.301190871968246127e-07
5.410000000000000000e+02	9.370792647909048924e-07
5.420000000000000000e+02	9.397590393126812070e-07
5.440000000000000000e+02	9.462464566518616286e-07
5.460000000000000000e+02	9.529808790269274022e-07
5.480000000000000000e+02	9.595147727082524152e-07
5.490000000000000000e+02	9.630696568112356178e-07
5.510000000000000000e+02	9.697373444306162513e-07
5.530000000000000000e+02	9.758271732609154093e-07
5.550000000000000000e+02	9.833217003826421767e-07
5.560000000000000000e+02	9.861266718891686517e-07
5.580000000000000000e+02	9.929691364028803352e-07
5.600000000000000000e+02	1.000152092911749478e-06
5.610000000000000000e+02	1.003723401000790592e-06
5.630000000000000000e+02	1.011066578682655657e-06
5.650000000000000000e+02	1.018040355303827323e-06
5.670000000000000000e+02	1.024357836192651113e-06
5.680000000000000000e+02	1.028969131085129941e-06
5.700000000000000000e+02	1.035395405508760839e-06
5.720000000000000000e+02	1.042541752965778092e-06
5.740000000000000000e+02	1.050236684734628924e-06
5.750000000000000000e+02	1.054154463567669506e-06
5.770000000000000000e+02	1.061966323746587838e-06
5.790000000000000000e+02	1.069313834433679673e-06
5.810000000000000000e+02	1.075981274932580303e-06
5.820000000000000000e+02	1.080952510537074370e-06
5.840000000000000000e+02	1.087736529186935758e-06
5.860000000000000000e+02	1.095256480722805631e-06
5.880000000000000000e+02	1.103434445063661096e-06
5.890000000000000000e+02	1.107673134539118212e-06
5.910000000000000000e+02	1.115969478342549672e-06
5.930000000000000000e+02	1.123703102011721626e-06
5.950000000000000000e+02	1.130738140229408605e-06
5.960000000000000000e+02	1.136078302137677027e-06
5.980000000000000000e+02	1.143237956799434734e-06
6.000000000000000000e+02	1.151143336289283511e-06
6.020000000000000000e+02	1.159820046383071683e-06
6.030000000000000000e+02	1.164295429851440965e-06
6.050000000000000000e+02	1.173032748856869149e-06
6.070000000000000000e+02	1.181300035677850866e-06
6.090000000000000000e+02	1.188860135308062369e-06
6.110000000000000000e+02	1.198614137769012937e-06
6.120000000000000000e+02	1.202028732604247606e-06
6.140000000000000000e+02	1.210478233992914910e-06
6.160000000000000000e+02	1.219609493447675297e-06
6.180000000000000000e+02	1.228776832300153554e-06
6.190000000000000000e+02	1.233616415286630943e-06
6.210000000000000000e+02	1.242252981149195282e-06
6.230000000000000000e+02	1.250201582114482147e-06
6.250000000000000000e+02	1.260627661290779335e-06
6.260000000000000000e+02	1.264203705038838893e-06
6.280000000000000000e+02	1.273006223144454639e-06
6.300000000000000000e+02	1.282671538437749914e-06
6.320000000000000000e+02	1.292586287216291597e-06
6.330000000000000000e+02	1.297745324710550491e-06
6.350000000000000000e+02	1.306671374733840171e-06
6.370000000000000000e+02	1.314938028617000809e-06
6.390000000000000000e+02	1.326215057932330001e-06
6.410000000000000000e+02	1.334706368126592593e-06
6.420000000000000000e+02	1.338937490119477860e-06
6.440000000000000000e+02	1.349190389475897528e-06
6.460000000000000000e+02	1.359792945207570524e-06
6.480000000000000000e+02	1.370153433564356436e-06
6.490000000000000000e+02	1.374635756569336838e-06
6.510000000000000000e+02	1.383440992726560937e-06
6.530000000000000000e+02	1.395206893029558608e-06
6.550000000000000000e+02	1.404253996558530172e-06
6.560000000000000000e+02	1.408737622534912374e-06
6.580000000000000000e+02	1.419503885193824574e-06
6.600000000000000000e+02	1.430648478479108729e-06
6.620000000000000000e+02	1.441574163605663362e-06
6.640000000000000000e+02	1.451563765914455031e-06
6.650000000000000000e+02	1.455558885692046800e-06
6.670000000000000000e+02	1.467968697893023680e-06
6.690000000000000000e+02	1.477466908181364009e-06
6.710000000000000000e+02	1.487608871017322511e-06
6.720000000000000000e+02	1.493558174593740961e-06
6.740000000000000000e+02	1.505407862235313540e-06
6.760000000000000000e+02	1.516971959210444565e-06
6.780000000000000000e+02	1.527299196119301646e-06
6.800000000000000000e+02	1.536941808592546442e-06
6.810000000000000000e+02	1.544705669751119733e-06
6.830000000000000000e+02	1.554528020707829754e-06
6.850000000000000000e+02	1.565011084396980438e-06
6.870000000000000000e+02	1.577041226366160636e-06
6.890000000000000000e+02	1.589616084455396569e-06
6.900000000000000000e+02	1.595943427749255619e-06
6.920000000000000000e+02	1.606882259713360920e-06
6.940000000000000000e+02	1.617156689009777159e-06
6.960000000000000000e+02	1.630976464753180104e-06
6.970000000000000000e+02	1.635585327173338820e-06
6.990000000000000000e+02	1.646664426582842277e-06
7.010000000000000000e+02	1.659236441917785484e-06
7.030000000000000000e+02	1.672556977897890270e-06
7.050000000000000000e+02	1.685319627699219269e-06
7.060000000000000000e+02	1.690504089077178744e-06
7.080000000000000000e+02	1.701192495104650391e-06
7.100000000000000000e+02	1.715935156818416154e-06
7.120000000000000000e+02	1.726920816287790300e-06
7.140000000000000000e+02	1.738329898578386472e-06
7.150000000000000000e+02	1.745285968599909991e-06
7.170000000000000000e+02	1.759328566565127364e-06
7.190000000000000000e+02	1.772697292851738542e-06
7.210000000000000000e+02	1.784691190436753750e-06
7.220000000000000000e+02	1.789522812480169990e-06
7.240000000000000000e+02	1.804846343129975234e-06
7.260000000000000000e+02	1.816408867080414942e-06
7.280000000000000000e+02	1.828550300736981214e-06
7.300000000000000000e+02	1.842430638930560030e-06
7.310000000000000000e+02	1.850454238890654215e-06
7.330000000000000000e+02	1.864460367843695017e-06
7.350000000000000000e+02	1.876953285312381979e-06
7.370000000000000000e+02	1.888820560527095754e-06
7.390000000000000000e+02	1.904914008392949129e-06
7.400000000000000000e+02	1.910238615092899122e-06
7.420000000000000000e+02	1.922869998505818064e-06
7.440000000000000000e+02	1.937402907259758252e-06
7.460000000000000000e+02	1.953033516615799949e-06
7.480000000000000000e+02	1.967736552919914470e-06
7.490000000000000000e+02	1.973540493204841012e-06
7.510000000000000000e+02	1.985926854269060564e-06
7.530000000000000000e+02	2.002959623250960079e-06
7.550000000000000000e+02	2.015694597050442313e-06
7.570000000000000000e+02	2.028636001038830940e-06
7.580000000000000000e+02	2.036623911030899902e-06
7.600000000000000000e+02	2.053242770024926933e-06
7.620000000000000000e+02	2.068662690696777521e-06
7.640000000000000000e+02	2.082018073255669221e-06
7.660000000000000000e+02	2.094968292214736004e-06
7.670000000000000000e+02	2.105487023864752919e-06
7.690000000000000000e+02	2.118686982605510964e-06
7.710000000000000000e+02	2.132162940985197070e-06
7.730000000000000000e+02	2.148138192719019028e-06
7.750000000000000000e+02	2.165641376029187297e-06
7.770000000000000000e+02	2.181731705987041915e-06
7.780000000000000000e+02	2.187969277706230550e-06
7.800000000000000000e+02	2.201600673831555988e-06
7.820000000000000000e+02	2.220261407586115485e-06
7.840000000000000000e+02	2.234279291402064824e-06
7.860000000000000000e+02	2.248309822380220791e-06
7.870000000000000000e+02	2.257030474826237395e-06
7.890000000000000000e+02	2.275422140736474088e-06
7.910000000000000000e+02	2.292267483738533903e-06
7.930000000000000000e+02	2.306732868157509678e-06
7.950000000000000000e+02	2.320960276643024421e-06
7.960000000000000000e+02	2.332474586989203656e-06
7.980000000000000000e+02	2.346979466007370442e-06
8.000000000000000000e+02	2.361549678016255161e-06
8.020000000000000000e+02	2.378982244191399349e-06
8.040000000000000000e+02	2.398421741228100224e-06
8.050000000000000000e+02	2.407587385131104519e-06
8.070000000000000000e+02	2.422515293335297133e-06
8.090000000000000000e+02	2.437381556840932786e-06
8.110000000000000000e+02	2.457976179246872518e-06
8.130000000000000000e+02	2.473250266586140771e-06
8.150000000000000000e+02	2.488241338104076614e-06
8.160000000000000000e+02	2.497777451263047016e-06
8.180000000000000000e+02	2.518170065508965184e-06
8.200000000000000000e+02	2.536506574705923300e-06
8.220000000000000000e+02	2.552127912309531799e-06
8.240000000000000000e+02	2.567720800433028716e-06
8.250000000000000000e+02	2.580264598154283453e-06
8.270000000000000000e+02	2.596165126909031670e-06
8.290000000000000000e+02	2.611873790949237992e-06
8.310000000000000000e+02	2.630830769577946241e-06
8.330000000000000000e+02	2.652101710169290593e-06
8.350000000000000000e+02	2.671164612556725003e-06
8.360000000000000000e+02	2.678306461767146179e-06
8.380000000000000000e+02	2.694687336472511846e-06
8.400000000000000000e+02	2.716812536038412654e-06
8.420000000000000000e+02	2.733664497439910415e-06
8.440000000000000000e+02	2.750012756562075008e-06
8.450000000000000000e+02	2.760290904119775223e-06
8.470000000000000000e+02	2.790252233410738176e-06
8.490000000000000000e+02	2.813630990961366322e-06
8.550000000000000000e+02	2.858267219836788091e-06
8.650000000000000000e+02	2.945984142653889222e-06
8.760000000000000000e+02	3.077852712926989668e-06
8.860000000000000000e+02	3.172210502317767450e-06
8.970000000000000000e+02	3.276036752444990846e-06
9.080000000000000000e+02	3.401843563939152367e-06
9.190000000000000000e+02	3.554354791117383754e-06
9.300000000000000000e+02	3.689651397855367533e-06
9.410000000000000000e+02	3.798562717616944181e-06
9.530000000000000000e+02	3.933921614914845971e-06
9.640000000000000000e+02	4.105568375136457296e-06
9.760000000000000000e+02	4.251267114503255510e-06
9.880000000000000000e+02	4.388840429190729193e-06
1.000000000000000000e+03	4.562431939124056086e-06
