f	max_sigma_G1	max_sigma_G2	max_sigma_G1_G2
1.000000000000000000e+00	2.467934401545841752e+02	5.276956539628633626e-03	1.263026859146275438e+00
1.500000000000000000e+00	2.491900761795798473e+02	4.629577262980689480e-03	1.096762654604149345e+00
2.000000000000000000e+00	2.515869299996808763e+02	4.164138094220094788e-03	9.757592076368500900e-01
2.500000000000000000e+00	2.539839954678000424e+02	3.850429259995190572e-03	8.929706196847188027e-01
3.000000000000000000e+00	2.563812666659282513e+02	3.619022029529842931e-03	8.320720839171064087e-01
3.500000000000000000e+00	2.587787378953080974e+02	3.418468223401874718e-03	7.814403992899433549e-01
4.000000000000000000e+00	2.611764036660334227e+02	3.338745804742538834e-03	7.602050154659487635e-01
4.500000000000000000e+00	2.635742586876881433e+02	3.247940180683584789e-03	7.406118853283798487e-01
5.000000000000000000e+00	2.659722978604147556e+02	3.222016303987154748e-03	7.357846119542185148e-01
5.500000000000000000e+00	2.683705162664625732e+02	3.203393150389419360e-03	7.346109244782618175e-01
6.000000000000000000e+00	2.707689091619430997e+02	3.197886526787806997e-03	7.370064470582928795e-01
6.500000000000000000e+00	2.731674719697746809e+02	3.200264519477977101e-03	7.413275886058563469e-01
7.000000000000000000e+00	2.755662002715693575e+02	3.206766497247593578e-03	7.465378560498262539e-01
7.500000000000000000e+00	2.779650898016445240e+02	3.214960533934188309e-03	7.520069834912750384e-01
8.000000000000000000e+00	2.803641364402043337e+02	3.223089892614968213e-03	7.572472434405086439e-01
8.500000000000000000e+00	2.827633362070498038e+02	3.230123846423433621e-03	7.620264015723160478e-01
9.000000000000000000e+00	2.851626852559542726e+02	3.235717229040676549e-03	7.663042065063224717e-01
9.500000000000000000e+00	2.875621798687308228e+02	3.239471049078769538e-03	7.700444566011382941e-01
1.000000000000000000e+01	2.899618164504903461e+02	3.241099657379639329e-03	7.731873506846006494e-01
1.050000000000000000e+01	2.923615915242535834e+02	3.240546822362153166e-03	7.756770063352068645e-01
1.100000000000000000e+01	2.947615017259698220e+02	3.238152511961908415e-03	7.776649436038467478e-01
1.150000000000000000e+01	2.971615438006814998e+02	3.234011269371856161e-03	7.792246890222046529e-01
1.200000000000000000e+01	2.995617145971950777e+02	3.227813344540301620e-03	7.802526279772522555e-01
1.250000000000000000e+01	3.019620110653190181e+02	3.219919125608206902e-03	7.808161509968986058e-01
1.300000000000000000e+01	3.043624302499234773e+02	3.210775465828439104e-03	7.810603297340014128e-01
1.350000000000000000e+01	3.067629692890132560e+02	3.200166319581439819e-03	7.809864575416609611e-01
1.400000000000000000e+01	3.091636254098277732e+02	3.188166640174251373e-03	7.805970984442467397e-01
1.450000000000000000e+01	3.115643959245304018e+02	3.174869393417969511e-03	7.798350652659292725e-01
1.500000000000000000e+01	3.139652782275746290e+02	3.160662030954154884e-03	7.788568814299106080e-01
1.550000000000000000e+01	3.163662697926612282e+02	3.145623843579127294e-03	7.777279701993222716e-01
1.600000000000000000e+01	3.187673681696621202e+02	3.129463432469095554e-03	7.763356106940110246e-01
1.650000000000000000e+01	3.211685709818256100e+02	3.112514779606276923e-03	7.747162446996194163e-01
1.700000000000000000e+01	3.235698759226326615e+02	3.095153031743876852e-03	7.730019203568510022e-01
1.750000000000000000e+01	3.259712807541109783e+02	3.077078142553372336e-03	7.711771986227662357e-01
1.800000000000000000e+01	3.283727833030574743e+02	3.058375933738500911e-03	7.692385702381491219e-01
1.850000000000000000e+01	3.307743814602088150e+02	3.039116206575688973e-03	7.671014049820270575e-01
1.900000000000000000e+01	3.331760731768653159e+02	3.019555798493269924e-03	7.649016928923970671e-01
1.950000000000000000e+01	3.355778564627411242e+02	2.999723753142573193e-03	7.626972270387482045e-01
2.000000000000000000e+01	3.379797293848290565e+02	2.979397570773906385e-03	7.603812329148015303e-01
2.050000000000000000e+01	3.403816900639056371e+02	2.958808222923588714e-03	7.579576525706176460e-01
2.100000000000000000e+01	3.427837366739917684e+02	2.938235527214789599e-03	7.555426612638789230e-01
2.150000000000000000e+01	3.451858674404359704e+02	2.917394617966753961e-03	7.531305759417775691e-01
2.200000000000000000e+01	3.475880806368733147e+02	2.896364999671171593e-03	7.507118619642492163e-01
2.250000000000000000e+01	3.499903745848036465e+02	2.875207717670250768e-03	7.481846274156642718e-01
2.300000000000000000e+01	3.523927476513990200e+02	2.854068856494312509e-03	7.456712359050298167e-01
2.350000000000000000e+01	3.547951982484205473e+02	2.832953118424836811e-03	7.432282734237879440e-01
2.400000000000000000e+01	3.571977248303617216e+02	2.811723780733803042e-03	7.407602828258843530e-01
2.450000000000000000e+01	3.596003258928414539e+02	2.790518057175133196e-03	7.382474249495639684e-01
2.500000000000000000e+01	3.620029999716390989e+02	2.769536858097916034e-03	7.357916998368794204e-01
2.550000000000000000e+01	3.644057456415106344e+02	2.748546130899545258e-03	7.334051526243569041e-01
2.600000000000000000e+01	3.668085615141627045e+02	2.727614312413375285e-03	7.310723778203210843e-01
2.650000000000000000e+01	3.692114462378055464e+02	2.706797841395797155e-03	7.286804017468287986e-01
2.700000000000000000e+01	3.716143984958748661e+02	2.686163795962727679e-03	7.263429869739769229e-01
2.750000000000000000e+01	3.740174170049288023e+02	2.665704667533643022e-03	7.241167742169482002e-01
2.800000000000000000e+01	3.764205005153466459e+02	2.645354611298603251e-03	7.219164194742099250e-01
2.850000000000000000e+01	3.788236478090695414e+02	2.625180059469951060e-03	7.197064807932639363e-01
2.900000000000000000e+01	3.812268576982073682e+02	2.605321919848914338e-03	7.175765984607233028e-01
2.950000000000000000e+01	3.836301290256017751e+02	2.585599294374296697e-03	7.155556622756092944e-01
3.000000000000000000e+01	3.860334606624572871e+02	2.566068565161639184e-03	7.136230200279551905e-01
3.050000000000000000e+01	3.884368515080919337e+02	2.546781179036248198e-03	7.116590692860815803e-01
3.100000000000000000e+01	3.908403004888897954e+02	2.527752995657636063e-03	7.097718453221362189e-01
3.150000000000000000e+01	3.932438065578378996e+02	2.508970014096233419e-03	7.080175151892154073e-01
3.200000000000000000e+01	3.956473686936577110e+02	2.490415931412023626e-03	7.063184899346929280e-01
3.250000000000000000e+01	3.980509858989452709e+02	2.472109549352399186e-03	7.046303167744313312e-01
3.300000000000000000e+01	4.004546572011976764e+02	2.454148309626728083e-03	7.030320339210968106e-01
3.350000000000000000e+01	4.028583816511927012e+02	2.436395731657768713e-03	7.015655829941925825e-01
3.400000000000000000e+01	4.052621583213905865e+02	2.418897572190466597e-03	7.002062259577687131e-01
3.450000000000000000e+01	4.076659863071982954e+02	2.401699673155975167e-03	6.988313533649066489e-01
3.500000000000000000e+01	4.100698647254003504e+02	2.384787268001611112e-03	6.975445933107955465e-01
3.550000000000000000e+01	4.124737927121135499e+02	2.368143005726139685e-03	6.964007306699135924e-01
3.600000000000000000e+01	4.148777694253066102e+02	2.351781986673722596e-03	6.953281057014220057e-01
3.650000000000000000e+01	4.172817940413172551e+02	2.335693753317173195e-03	6.942780148160799802e-01
3.700000000000000000e+01	4.196858657558524328e+02	2.319952739352380659e-03	6.932908924295392294e-01
3.750000000000000000e+01	4.220899837831630066e+02	2.304401127754972158e-03	6.925103302176587317e-01
3.850000000000000000e+01	4.268983557201213443e+02	2.274240778780311795e-03	6.910314449064037801e-01
3.900000000000000000e+01	4.293026081457984446e+02	2.259602123343524508e-03	6.905215790581276103e-01
3.950000000000000000e+01	4.317069039143364080e+02	2.245248004798912171e-03	6.900132767714465265e-01
4.000000000000000000e+01	4.341112423243176863e+02	2.231139436022329392e-03	6.896116751150063173e-01
4.100000000000000000e+01	4.389200443404412795e+02	2.203810120607422110e-03	6.891282731842650611e-01
4.150000000000000000e+01	4.413245066202730413e+02	2.190624181372471686e-03	6.889044747547933278e-01
4.200000000000000000e+01	4.437290088872587148e+02	2.177691448335826625e-03	6.887835287196635292e-01
4.300000000000000000e+01	4.485381308869547752e+02	2.152566151964584000e-03	6.889960195337794246e-01
4.350000000000000000e+01	4.509427494038180271e+02	2.140424773457833951e-03	6.891710134321039627e-01
4.450000000000000000e+01	4.557520985314150721e+02	2.116944304613142380e-03	6.898123517790297754e-01
4.500000000000000000e+01	4.581568280030672327e+02	2.105567174072014210e-03	6.903279143826887010e-01
4.550000000000000000e+01	4.605615933400861763e+02	2.094458907260437781e-03	6.909530721573264866e-01
4.600000000000000000e+01	4.629663940033725567e+02	2.083668838197218123e-03	6.915366337310488998e-01
4.650000000000000000e+01	4.653712294630189490e+02	2.073079522225819687e-03	6.921743890505845931e-01
4.750000000000000000e+01	4.701810027129436662e+02	2.052672736427178530e-03	6.939040976846662101e-01
4.800000000000000000e+01	4.725859394987118094e+02	2.042837569925653150e-03	6.948545167174213777e-01
4.900000000000000000e+01	4.773959109603367210e+02	2.023838754777421145e-03	6.971468772213699205e-01
4.950000000000000000e+01	4.798009446917387208e+02	2.014747170885588558e-03	6.982887856474251365e-01
5.050000000000000000e+01	4.846111058678505401e+02	1.997188457798180442e-03	7.010344717663506975e-01
5.150000000000000000e+01	4.894213890497853185e+02	1.980527859483483238e-03	7.040630430605803181e-01
5.200000000000000000e+01	4.918265753211675246e+02	1.972502988518428681e-03	7.057217153840846802e-01
5.250000000000000000e+01	4.942317908246719185e+02	1.964731480866276428e-03	7.074321788303831182e-01
5.300000000000000000e+01	4.966370351548492295e+02	1.957166227707683205e-03	7.091755535367461061e-01
5.400000000000000000e+01	5.014476087098426547e+02	1.942621315129368625e-03	7.129985378141531216e-01
5.500000000000000000e+01	5.062582928941710065e+02	1.928910695163624624e-03	7.171777307336890672e-01
5.550000000000000000e+01	5.086636755385218294e+02	1.922353397542170316e-03	7.193229048894854705e-01
5.650000000000000000e+01	5.134745201252565039e+02	1.909822170562379146e-03	7.239219884726593168e-01
5.750000000000000000e+01	5.182854681147541669e+02	1.897976224834701858e-03	7.288121223749834954e-01
5.800000000000000000e+01	5.206909800372245627e+02	1.892348547045564957e-03	7.313839834854917177e-01
5.850000000000000000e+01	5.230965168033842474e+02	1.886910992717018721e-03	7.339997540549874078e-01
5.950000000000000000e+01	5.279076635887130351e+02	1.876535767997728268e-03	7.393897480327850102e-01
6.050000000000000000e+01	5.327189059623066214e+02	1.866824324241687753e-03	7.451638860245491935e-01
6.150000000000000000e+01	5.375302415072862914e+02	1.857719924105000068e-03	7.512020290829604097e-01
6.250000000000000000e+01	5.423416678939834128e+02	1.849327895257004166e-03	7.574683774620321053e-01
6.300000000000000000e+01	5.447474144479333518e+02	1.845312037137491210e-03	7.607436085842982365e-01
6.350000000000000000e+01	5.471531828758679694e+02	1.841477847717994977e-03	7.640563526039496622e-01
6.450000000000000000e+01	5.519647842860761102e+02	1.834208267786797226e-03	7.707788346854848038e-01
6.550000000000000000e+01	5.567764700342404467e+02	1.827532379952556164e-03	7.779399642678369586e-01
6.650000000000000000e+01	5.615882381018765273e+02	1.821383080315173986e-03	7.851688375819790844e-01
6.750000000000000000e+01	5.664000865417389150e+02	1.815778312294041418e-03	7.927286322541311492e-01
6.800000000000000000e+01	5.688060403099767655e+02	1.813164379902204668e-03	7.965915507707123089e-01
6.900000000000000000e+01	5.736180058014506358e+02	1.808316231544713874e-03	8.045301652799746739e-01
7.000000000000000000e+01	5.784300470803042344e+02	1.803919291245699615e-03	8.126857590407724485e-01
7.100000000000000000e+01	5.832421624221914271e+02	1.800004246217192048e-03	8.210601523749039288e-01
7.200000000000000000e+01	5.880543501590850610e+02	1.796523063466309638e-03	8.296123546731855036e-01
7.250000000000000000e+01	5.904604706690787452e+02	1.794946877205693672e-03	8.340393089481678013e-01
7.350000000000000000e+01	5.952727639909531945e+02	1.792119000747504493e-03	8.429146737202511952e-01
7.450000000000000000e+01	6.000851257740642950e+02	1.789659740576315418e-03	8.520046110678267670e-01
7.600000000000000000e+01	6.073037935834355494e+02	1.786746204399493288e-03	8.661076808096913604e-01
7.650000000000000000e+01	6.097100488398539255e+02	1.785925058416811808e-03	8.709464121034973250e-01
7.700000000000000000e+01	6.121163201345055995e+02	1.785231247649503522e-03	8.757860762612529326e-01
7.850000000000000000e+01	6.193352285609006458e+02	1.783618400339348747e-03	8.905517238510589628e-01
7.950000000000000000e+01	6.241479113303345230e+02	1.782973455712907277e-03	9.007326143666921636e-01
8.050000000000000000e+01	6.289606543427057659e+02	1.782615283333301029e-03	9.110273104828300328e-01
8.100000000000000000e+01	6.313670480561742124e+02	1.782540569791803142e-03	9.161919790077833747e-01
8.250000000000000000e+01	6.385863162467569509e+02	1.782834861251770273e-03	9.320597005318143058e-01
8.350000000000000000e+01	6.433992328062995512e+02	1.783390455620507834e-03	9.429304198920335223e-01
8.450000000000000000e+01	6.482122049430630568e+02	1.784161477385616101e-03	9.539098300179906786e-01
8.500000000000000000e+01	6.506187115148597968e+02	1.784654228830945396e-03	9.594589320260106247e-01
8.650000000000000000e+01	6.578383116658169456e+02	1.786514249197269704e-03	9.763536731277983050e-01
8.800000000000000000e+01	6.650580298109972546e+02	1.788883429804122424e-03	9.936270902541941563e-01
8.850000000000000000e+01	6.674646281726410280e+02	1.789785635075243596e-03	9.994218912277174072e-01
8.950000000000000000e+01	6.722778626518465899e+02	1.791718911952791581e-03	1.011161760145451227e+00
9.100000000000000000e+01	6.794978070386965783e+02	1.795057606940812138e-03	1.029020292912359746e+00
9.200000000000000000e+01	6.843111637726857452e+02	1.797501441989243342e-03	1.041129835806714699e+00
9.250000000000000000e+01	6.867178599575486260e+02	1.798806662696152744e-03	1.047231120360545775e+00
9.400000000000000000e+01	6.939380185255712377e+02	1.802921649356273043e-03	1.065719364255385937e+00
9.550000000000000000e+01	7.011582799850740457e+02	1.807390860179310674e-03	1.084465220813705555e+00
9.600000000000000000e+01	7.035650562089939513e+02	1.808927595788607356e-03	1.090733118369578536e+00
9.700000000000000000e+01	7.083786416945928295e+02	1.812164751559904811e-03	1.103454355592315750e+00
9.850000000000000000e+01	7.155991011245687332e+02	1.817240722805311829e-03	1.122626924948702198e+00
9.950000000000000000e+01	7.204127938333123211e+02	1.820764004740853649e-03	1.135582789309996343e+00
1.000000000000000000e+02	7.228196558547449513e+02	1.822561154623237711e-03	1.142097136984670858e+00
1.015000000000000000e+02	7.300403035569627264e+02	1.828138258902325779e-03	1.161745310522343422e+00
1.030000000000000000e+02	7.372610420105643243e+02	1.833932077575136342e-03	1.181605989823382385e+00
1.035000000000000000e+02	7.396679746235862467e+02	1.835875589617427415e-03	1.188228210754607606e+00
1.050000000000000000e+02	7.468888307709107721e+02	1.841875490710243686e-03	1.208298067225639372e+00
1.065000000000000000e+02	7.541097728221628813e+02	1.848027264209685947e-03	1.228503358699848835e+00
1.070000000000000000e+02	7.565167722577776885e+02	1.850120390380423970e-03	1.235261806900339598e+00
1.085000000000000000e+02	7.637378258440537593e+02	1.856420002212741177e-03	1.255645667996012405e+00
1.100000000000000000e+02	7.709589609309623484e+02	1.862834323497579263e-03	1.276158726684987421e+00
1.105000000000000000e+02	7.733660237639516026e+02	1.864979319421610372e-03	1.283020410619648111e+00
1.120000000000000000e+02	7.805872647866899570e+02	1.871457087678963247e-03	1.303636930659778592e+00
1.135000000000000000e+02	7.878085833053088436e+02	1.877951559916961853e-03	1.324312533459607533e+00
1.140000000000000000e+02	7.902157064194310578e+02	1.880128995619554256e-03	1.331222516606679784e+00
1.160000000000000000e+02	7.998442820468724221e+02	1.888844103766994763e-03	1.358924052602712651e+00
1.170000000000000000e+02	8.046586189805170761e+02	1.893184745478598352e-03	1.372761072208546151e+00
1.175000000000000000e+02	8.070657995375142946e+02	1.895317543950494768e-03	1.379683476603909220e+00
1.195000000000000000e+02	8.166946011346233263e+02	1.903937442013222542e-03	1.407422717665168799e+00
1.205000000000000000e+02	8.215090488433777409e+02	1.908202748980451996e-03	1.421297887797707160e+00
1.215000000000000000e+02	8.263235272982577726e+02	1.912432877163350135e-03	1.435137131317853365e+00
1.235000000000000000e+02	8.359525749176265208e+02	1.920731750033931404e-03	1.462762664013160130e+00
1.240000000000000000e+02	8.383598554523427993e+02	1.922788691520806907e-03	1.469677960733954958e+00
1.255000000000000000e+02	8.455817410410538741e+02	1.928849923976359024e-03	1.490308822132214495e+00
1.270000000000000000e+02	8.528036917081585671e+02	1.934780521387828621e-03	1.510834809983894411e+00
1.275000000000000000e+02	8.552110228605563407e+02	1.936726286785793623e-03	1.517672108257813512e+00
1.300000000000000000e+02	8.672477837805229228e+02	1.946173643967734216e-03	1.551634762728509642e+00
1.305000000000000000e+02	8.696551567192927905e+02	1.948026985078946203e-03	1.558391135240936531e+00
1.320000000000000000e+02	8.768773163600081944e+02	1.953404245420321383e-03	1.578561444025772476e+00
1.335000000000000000e+02	8.840995364630654194e+02	1.958570720767133233e-03	1.598563386341509851e+00
1.340000000000000000e+02	8.865069564319754818e+02	1.960261707159688480e-03	1.605198334094520174e+00
1.365000000000000000e+02	8.985441542381117870e+02	1.968336687306288489e-03	1.638093318274555621e+00
1.370000000000000000e+02	9.009516131573914208e+02	1.969875632259525822e-03	1.644588612519225501e+00
1.385000000000000000e+02	9.081740280418811153e+02	1.974352634956695260e-03	1.664016888030962260e+00
1.400000000000000000e+02	9.153964994637212840e+02	1.978573167997016002e-03	1.683215413956762108e+00
1.410000000000000000e+02	9.202115114132174085e+02	1.981253906506348379e-03	1.695884002626157017e+00
1.430000000000000000e+02	9.298416086619592988e+02	1.986305397249649683e-03	1.720942391879922928e+00
1.435000000000000000e+02	9.322491480895326958e+02	1.987488400443332501e-03	1.727137417491090288e+00
1.455000000000000000e+02	9.418793654286045012e+02	1.991953304650594114e-03	1.751637951476377353e+00
1.465000000000000000e+02	9.466945095043625997e+02	1.994010426419527780e-03	1.763712183174993786e+00
1.480000000000000000e+02	9.539172692915285552e+02	1.996882730855252790e-03	1.781595014882989769e+00
1.495000000000000000e+02	9.611400808917983341e+02	1.999491585598236077e-03	1.799210202379665446e+00
1.500000000000000000e+02	9.635476961592424914e+02	2.000292228108233126e-03	1.805029566275585085e+00
1.525000000000000000e+02	9.755858569416102455e+02	2.003865894276576042e-03	1.833579076557551923e+00
1.530000000000000000e+02	9.779935058283521130e+02	2.004489845219527104e-03	1.839184262621127885e+00
1.550000000000000000e+02	9.876241564130782535e+02	2.006683596300194109e-03	1.861293877022000220e+00
1.560000000000000000e+02	9.924395144296132685e+02	2.007599255237551682e-03	1.872140041699444257e+00
1.575000000000000000e+02	9.996625918965406754e+02	2.008743357297114538e-03	1.888148653018043577e+00
1.590000000000000000e+02	1.006885717416756279e+03	2.009636027515617797e-03	1.903830144445211037e+00
1.605000000000000000e+02	1.014108890471970653e+03	2.010251707088327351e-03	1.919204283216209506e+00
1.620000000000000000e+02	1.021332110562529351e+03	2.010597322763992868e-03	1.934243634883259233e+00
1.630000000000000000e+02	1.026147616514691435e+03	2.010680610084502381e-03	1.944084424446127723e+00
1.650000000000000000e+02	1.035778689934466911e+03	2.010515830276180752e-03	1.963319193409976737e+00
1.655000000000000000e+02	1.038186471005583371e+03	2.010402299247372217e-03	1.968044559525399473e+00
1.680000000000000000e+02	1.050225451865065679e+03	2.009436834082981797e-03	1.991081010740613833e+00
1.685000000000000000e+02	1.052633263026739087e+03	2.009163158694522808e-03	1.995570637665935232e+00
1.710000000000000000e+02	1.064672392949062896e+03	2.007408993848308794e-03	2.017475859837722041e+00
1.715000000000000000e+02	1.067080233655566190e+03	2.006978330284564429e-03	2.021756770524918867e+00
1.740000000000000000e+02	1.079119510019060044e+03	2.004470360704801481e-03	2.042556921237935530e+00
1.745000000000000000e+02	1.081527379762877217e+03	2.003899367565629367e-03	2.046604247674939092e+00
1.765000000000000000e+02	1.091158906541204487e+03	2.001376726832938043e-03	2.062430408195804254e+00
1.775000000000000000e+02	1.095974698433912636e+03	1.999967105711374180e-03	2.070121905544413110e+00
1.795000000000000000e+02	1.105606338738159820e+03	1.996936221058820491e-03	2.085085594267707787e+00
1.805000000000000000e+02	1.110422186960169711e+03	1.995300024179175787e-03	2.092349530612437114e+00
1.825000000000000000e+02	1.120053939093986855e+03	1.991773075012579549e-03	2.106435336166239125e+00
1.835000000000000000e+02	1.124869842829203435e+03	1.989905960851721684e-03	2.113273089388470805e+00
1.855000000000000000e+02	1.134501705213284367e+03	1.985957037916491561e-03	2.126533055262390004e+00
1.865000000000000000e+02	1.139317663699244122e+03	1.983893753414039517e-03	2.132960201999754890e+00
1.885000000000000000e+02	1.148949634873414425e+03	1.979573353392682401e-03	2.145405163513518509e+00
1.895000000000000000e+02	1.153765647407165943e+03	1.977319228251990611e-03	2.151422520652455983e+00
1.915000000000000000e+02	1.163397726012545036e+03	1.972674640091799658e-03	2.163082656765046075e+00
1.925000000000000000e+02	1.168213791943353499e+03	1.970276167548965125e-03	2.168717915650196559e+00
1.950000000000000000e+02	1.180254033894487520e+03	1.964092165257724353e-03	2.182255380215089247e+00
1.955000000000000000e+02	1.182662095440562553e+03	1.962824704726348190e-03	2.184870670240098622e+00
1.980000000000000000e+02	1.194702468541823464e+03	1.956347323861244020e-03	2.197495523476092227e+00
1.985000000000000000e+02	1.197110556185187534e+03	1.955033330317012576e-03	2.199934856528797500e+00
2.010000000000000000e+02	1.209151059101469400e+03	1.948335388891692761e-03	2.211684631714959437e+00
2.015000000000000000e+02	1.211559172577608479e+03	1.946970339995022711e-03	2.213944927261137341e+00
2.040000000000000000e+02	1.223599804080693957e+03	1.940103270951407891e-03	2.224862931489206552e+00
2.045000000000000000e+02	1.226007943159771003e+03	1.938715293876476899e-03	2.226964938255607596e+00
2.070000000000000000e+02	1.238048702110432487e+03	1.931730347195091462e-03	2.237082322370819831e+00
2.080000000000000000e+02	1.242865035247075866e+03	1.928908800098761778e-03	2.240947866103601971e+00
2.100000000000000000e+02	1.252497751935545466e+03	1.923248405614133875e-03	2.248385858349287503e+00
2.115000000000000000e+02	1.259722333403828543e+03	1.918989747630261370e-03	2.253715433392551315e+00
2.130000000000000000e+02	1.266946952395393510e+03	1.914714370208821584e-03	2.258825783668529041e+00
2.150000000000000000e+02	1.276579835867433530e+03	1.909015421237578907e-03	2.265324322689910463e+00
2.160000000000000000e+02	1.281396302437831309e+03	1.906166049931357380e-03	2.268447032183948942e+00
2.185000000000000000e+02	1.293437541038668769e+03	1.899047178948093167e-03	2.275868882205354105e+00
2.190000000000000000e+02	1.295845801097549383e+03	1.897629985562802228e-03	2.277288252981753747e+00
2.215000000000000000e+02	1.307887162871301143e+03	1.890535726944269799e-03	2.284100549468894403e+00
2.220000000000000000e+02	1.310295447497542909e+03	1.889115512294596089e-03	2.285404712773786873e+00
2.245000000000000000e+02	1.322336931782140937e+03	1.882052097273065848e-03	2.291643712877954986e+00
2.255000000000000000e+02	1.327153553973405678e+03	1.879227245464824272e-03	2.294007798807813803e+00
2.275000000000000000e+02	1.336786847038157248e+03	1.873595697465481021e-03	2.298526369341219233e+00
2.290000000000000000e+02	1.344011859340542060e+03	1.869380861919242489e-03	2.301743704768097309e+00
2.305000000000000000e+02	1.351236907992337365e+03	1.865171427464406206e-03	2.304811933117782985e+00
2.330000000000000000e+02	1.363278736328533114e+03	1.858161397115484260e-03	2.309599519428705339e+00
2.335000000000000000e+02	1.365687114060471231e+03	1.856751864607942117e-03	2.310512018573226634e+00
2.360000000000000000e+02	1.377729062932408169e+03	1.849731224478383873e-03	2.314855472214743859e+00
2.370000000000000000e+02	1.382545870537873952e+03	1.846919707894091470e-03	2.316495498413316589e+00
2.390000000000000000e+02	1.392179533762381652e+03	1.841283298826267749e-03	2.319606227577631685e+00
2.405000000000000000e+02	1.399404823133024593e+03	1.837038748735880626e-03	2.321805381445889882e+00
2.420000000000000000e+02	1.406630148414179985e+03	1.832777697415453790e-03	2.323888631666245708e+00
2.445000000000000000e+02	1.418672436912322610e+03	1.825634357851283786e-03	2.327113661552895341e+00
2.450000000000000000e+02	1.421080906550247619e+03	1.824205331919988640e-03	2.327724121124782553e+00
2.475000000000000000e+02	1.433123314398068487e+03	1.816983707927462624e-03	2.330607717122622269e+00
2.485000000000000000e+02	1.437940305345966863e+03	1.814081621905473890e-03	2.331686543602304429e+00
2.505000000000000000e+02	1.447574334884694053e+03	1.808226814272946396e-03	2.333719919829168710e+00
2.525000000000000000e+02	1.457208427890831217e+03	1.802317930805668114e-03	2.335593413096867188e+00
2.535000000000000000e+02	1.462025498181785906e+03	1.799338099545976432e-03	2.336469833029170218e+00
2.560000000000000000e+02	1.474068243248855651e+03	1.791826632758723942e-03	2.338509550319149977e+00
2.570000000000000000e+02	1.478885369002288144e+03	1.788795421308689033e-03	2.339263670469732048e+00
2.590000000000000000e+02	1.488519668022508540e+03	1.782679504024117702e-03	2.340667906607895254e+00
2.610000000000000000e+02	1.498154030383759391e+03	1.776496941425104777e-03	2.341945176141526641e+00
2.620000000000000000e+02	1.502971235313538727e+03	1.773379531309854243e-03	2.342540428080824189e+00
2.645000000000000000e+02	1.515014316909719128e+03	1.765505736748262770e-03	2.343894461820799080e+00
2.655000000000000000e+02	1.519831577257502204e+03	1.762327492161421157e-03	2.344386028497138952e+00
2.675000000000000000e+02	1.529466145459840618e+03	1.755911349195257102e-03	2.345287114693591857e+00
2.695000000000000000e+02	1.539100777027415916e+03	1.749427784961515072e-03	2.346088928667993123e+00
2.705000000000000000e+02	1.543918116574547412e+03	1.746161227601710463e-03	2.346451333983671006e+00
2.730000000000000000e+02	1.555961534799316269e+03	1.737916697958647198e-03	2.347255138669229968e+00
2.740000000000000000e+02	1.560778929840332239e+03	1.734590163543883344e-03	2.347539458948702418e+00
2.760000000000000000e+02	1.570413767526596757e+03	1.727884429645994407e-03	2.348039458110973587e+00
2.785000000000000000e+02	1.582457403951371589e+03	1.719410641116102039e-03	2.348549053412285037e+00
2.790000000000000000e+02	1.584866143150141397e+03	1.717704334709030259e-03	2.348636670009829785e+00
2.815000000000000000e+02	1.596909898792078820e+03	1.709116913361400291e-03	2.349004126792723746e+00
2.830000000000000000e+02	1.604136199916745454e+03	1.703919415249150089e-03	2.349173312656548163e+00
2.845000000000000000e+02	1.611362536887287661e+03	1.698689635130529087e-03	2.349300793270502563e+00
2.870000000000000000e+02	1.623406511565172423e+03	1.689909123228041776e-03	2.349433312275565733e+00
2.875000000000000000e+02	1.625815318470765305e+03	1.688143799455826865e-03	2.349450452018720270e+00
2.900000000000000000e+02	1.637859412915662233e+03	1.679268280850687361e-03	2.349471927742885047e+00
2.925000000000000000e+02	1.649903607360992737e+03	1.670319237349457767e-03	2.349407787251616586e+00
2.930000000000000000e+02	1.652312458265559826e+03	1.668522331665097270e-03	2.349383021630225166e+00
2.955000000000000000e+02	1.664356772938776885e+03	1.659497316286469466e-03	2.349222980668702387e+00
2.970000000000000000e+02	1.671583409922528517e+03	1.654052283900432933e-03	2.349092530642983068e+00
2.985000000000000000e+02	1.678810083096120024e+03	1.648588256064114233e-03	2.348934193100844503e+00
3.010000000000000000e+02	1.690854618932032736e+03	1.639442896627129817e-03	2.348616059546170032e+00
3.020000000000000000e+02	1.695672461495337075e+03	1.635771858841590350e-03	2.348472868789622581e+00
3.040000000000000000e+02	1.705308195101799129e+03	1.628408216846381588e-03	2.348154907461526442e+00
3.065000000000000000e+02	1.717352953148203596e+03	1.619170556883861144e-03	2.347705906820094945e+00
3.070000000000000000e+02	1.719761916914843368e+03	1.617318937446554595e-03	2.347610155727129833e+00
3.095000000000000000e+02	1.731806796657784389e+03	1.608043836318943324e-03	2.347099402284529734e+00
3.120000000000000000e+02	1.743851778090851667e+03	1.598744482078887693e-03	2.346541493394741273e+00
3.125000000000000000e+02	1.746260786600646952e+03	1.596882252325722805e-03	2.346422209581446428e+00
3.150000000000000000e+02	1.758305890406325489e+03	1.587561289800026127e-03	2.345810938276360336e+00
3.170000000000000000e+02	1.767942047079051690e+03	1.580094016476255459e-03	2.345292126440074565e+00
3.180000000000000000e+02	1.772760150002296086e+03	1.576357946412475534e-03	2.345024610009725397e+00
3.205000000000000000e+02	1.784805479191373479e+03	1.567015216764591897e-03	2.344328690970419959e+00
3.225000000000000000e+02	1.794441816620355212e+03	1.559539396510784036e-03	2.343747788568535384e+00
3.235000000000000000e+02	1.799260010083981115e+03	1.555801550398172020e-03	2.343449200347176298e+00
3.260000000000000000e+02	1.811305566069288034e+03	1.546461870978447844e-03	2.342684517215824158e+00
3.275000000000000000e+02	1.818532949356178051e+03	1.540861471372581516e-03	2.342212603126612169e+00
3.290000000000000000e+02	1.825760370002235049e+03	1.535266144156135354e-03	2.341729480897044358e+00
3.315000000000000000e+02	1.837806154280064675e+03	1.525951873809268649e-03	2.340907372277251763e+00
3.330000000000000000e+02	1.845033674884867423e+03	1.520371130799464971e-03	2.340403148195822070e+00
3.345000000000000000e+02	1.852261233100721029e+03	1.514797511554310866e-03	2.339892385321546531e+00
3.370000000000000000e+02	1.864307247246114002e+03	1.505528376959313925e-03	2.339023430721245855e+00
3.385000000000000000e+02	1.871534906127102431e+03	1.499978188614770405e-03	2.338494217589870416e+00
3.400000000000000000e+02	1.878762602889970367e+03	1.494439522567237062e-03	2.337959075962019906e+00
3.425000000000000000e+02	1.890808848550367429e+03	1.485232030204602016e-03	2.337054514136455818e+00
3.440000000000000000e+02	1.898036646715338520e+03	1.479724346378667905e-03	2.336504835176369532e+00
3.455000000000000000e+02	1.905264483040726191e+03	1.474228243177724655e-03	2.335951174424891974e+00
3.480000000000000000e+02	1.917310961939291019e+03	1.465099503258685898e-03	2.335018515351821922e+00
3.495000000000000000e+02	1.924538900419821630e+03	1.459640484278942147e-03	2.334454012190773753e+00
3.510000000000000000e+02	1.931766877363369531e+03	1.454197158015499512e-03	2.333885829676180634e+00
3.535000000000000000e+02	1.943813591279671982e+03	1.445159516801942066e-03	2.332931636806076181e+00
3.555000000000000000e+02	1.953451039737734391e+03	1.437961663389134828e-03	2.332163561916006156e+00
3.565000000000000000e+02	1.958269789817290985e+03	1.434373875558700483e-03	2.331777564831649663e+00
3.590000000000000000e+02	1.970316740589514666e+03	1.425440267876048207e-03	2.330808186562639772e+00
3.610000000000000000e+02	1.979954379153136188e+03	1.418328434157224661e-03	2.330029521851865848e+00
3.620000000000000000e+02	1.984773224483631793e+03	1.414784721772035462e-03	2.329639578230449537e+00
3.645000000000000000e+02	1.996820414001193740e+03	1.405963159404522876e-03	2.328660044543463314e+00
3.670000000000000000e+02	2.008867712687063658e+03	1.397195652252233725e-03	2.327678713813311706e+00
3.675000000000000000e+02	2.011277185558854853e+03	1.395448515995610910e-03	2.327481944302788541e+00
3.700000000000000000e+02	2.023324615777811232e+03	1.386748223400100432e-03	2.326498455626194062e+00
3.725000000000000000e+02	2.035372156062807107e+03	1.378105433629764820e-03	2.325512008148374665e+00
3.730000000000000000e+02	2.037781677360885396e+03	1.376384314791828482e-03	2.325315166601623851e+00
3.755000000000000000e+02	2.049829350267193149e+03	1.367812130238329170e-03	2.324329667100928809e+00
3.780000000000000000e+02	2.061877134167179065e+03	1.359300022180965533e-03	2.323344705009821265e+00
3.790000000000000000e+02	2.066696278894525676e+03	1.355912493705796647e-03	2.322950797887020524e+00
3.810000000000000000e+02	2.076334621944772607e+03	1.349166393300925849e-03	2.322164148926674887e+00
3.835000000000000000e+02	2.088382651512695247e+03	1.340790655959243644e-03	2.321181650662066609e+00
3.855000000000000000e+02	2.098021156049871024e+03	1.334134993466219287e-03	2.320398151972921763e+00
3.865000000000000000e+02	2.102840435356187754e+03	1.330822440728150107e-03	2.320006619500428968e+00
3.890000000000000000e+02	2.114888712707148443e+03	1.322586763336231191e-03	2.319030027515597059e+00
3.915000000000000000e+02	2.126937103382114401e+03	1.314415023780055166e-03	2.318057056901445812e+00
3.920000000000000000e+02	2.129346795154840947e+03	1.312788382399444204e-03	2.317863407584288105e+00
3.945000000000000000e+02	2.141395322419997228e+03	1.304694933760884926e-03	2.316894604323167961e+00
3.970000000000000000e+02	2.153443964006717579e+03	1.296667403466149424e-03	2.315930650508744915e+00
3.980000000000000000e+02	2.158263452746701660e+03	1.293474498308013311e-03	2.315546395954842573e+00
4.000000000000000000e+02	2.167902485436746247e+03	1.287120693760839679e-03	2.314779972082622095e+00
4.025000000000000000e+02	2.179951380115364373e+03	1.279238717156474647e-03	2.313825488867876867e+00
4.045000000000000000e+02	2.189590579191196412e+03	1.272981080865563880e-03	2.313066280359930893e+00
4.055000000000000000e+02	2.194410206585081141e+03	1.269868077758867656e-03	2.312688204504839362e+00
4.080000000000000000e+02	2.206459356589161416e+03	1.262132441384442028e-03	2.311746278700620216e+00
4.105000000000000000e+02	2.218508623382223504e+03	1.254463601791179972e-03	2.310810533303220282e+00
4.115000000000000000e+02	2.223328362918054609e+03	1.251415008518357106e-03	2.310437567612823262e+00
4.135000000000000000e+02	2.232967898379288727e+03	1.245349106052208226e-03	2.309695319068747033e+00
4.160000000000000000e+02	2.245017423790588964e+03	1.237827456872659000e-03	2.308772484503938571e+00
4.180000000000000000e+02	2.254657129285857081e+03	1.231857978745399228e-03	2.308039634310723009e+00
4.190000000000000000e+02	2.259477010493890248e+03	1.228889489668871576e-03	2.307674112515126996e+00
4.215000000000000000e+02	2.271526796823539826e+03	1.221514185669685939e-03	2.306765750786086144e+00
4.240000000000000000e+02	2.283576702519823812e+03	1.214205493505698214e-03	2.305864743899430191e+00
4.250000000000000000e+02	2.288396698325680973e+03	1.211300458198996113e-03	2.305506274819112633e+00
4.270000000000000000e+02	2.298036747593476775e+03	1.205522207595335557e-03	2.304792450425670047e+00
4.295000000000000000e+02	2.310086917593531780e+03	1.198358768355888525e-03	2.303906045435597960e+00
4.320000000000000000e+02	2.322137208517051931e+03	1.191260828726405617e-03	2.303027234334378726e+00
4.325000000000000000e+02	2.324547281251611366e+03	1.189849011087608464e-03	2.302852577688632607e+00
4.350000000000000000e+02	2.336597717926442328e+03	1.182829623214099292e-03	2.301981730944307802e+00
4.375000000000000000e+02	2.348648276601182260e+03	1.175875410237049896e-03	2.301118854310341355e+00
4.390000000000000000e+02	2.355878670571550629e+03	1.171733459583198644e-03	2.300604949356274798e+00
4.405000000000000000e+02	2.363109108753930741e+03	1.167614891169029175e-03	2.300093492513223037e+00
4.430000000000000000e+02	2.375159937578489917e+03	1.160801964648555847e-03	2.299246449148928839e+00
4.455000000000000000e+02	2.387210890004982502e+03	1.154052652370961751e-03	2.298407486365083852e+00
4.460000000000000000e+02	2.389621095367578164e+03	1.152710232325764896e-03	2.298240569221327245e+00
4.485000000000000000e+02	2.401672196764431646e+03	1.146036898449868339e-03	2.297410394726643990e+00
4.510000000000000000e+02	2.413723422862464304e+03	1.139426414461588120e-03	2.296587333018831778e+00
4.535000000000000000e+02	2.425774774182685178e+03	1.132878001492380361e-03	2.295772233005285656e+00
4.540000000000000000e+02	2.428185059509554321e+03	1.131575694887234675e-03	2.295610375856285135e+00
4.565000000000000000e+02	2.440236561740990965e+03	1.125101429615066708e-03	2.294804068416596010e+00
4.590000000000000000e+02	2.452288190294844753e+03	1.118688506137724891e-03	2.294005718776152225e+00
4.610000000000000000e+02	2.461929584447239449e+03	1.113601737823116059e-03	2.293372348929422877e+00
4.620000000000000000e+02	2.466750312041097914e+03	1.111072748476361893e-03	2.293057609855250867e+00
4.645000000000000000e+02	2.478802220319278149e+03	1.104792764258229025e-03	2.292275260549645921e+00
4.670000000000000000e+02	2.490854256570223242e+03	1.098572470213349511e-03	2.291500919696658478e+00
4.685000000000000000e+02	2.498085539969948513e+03	1.094868426136759269e-03	2.291040135487381058e+00
4.700000000000000000e+02	2.505316869730379949e+03	1.091185639614923250e-03	2.290581939907748943e+00
4.725000000000000000e+02	2.517369189333325266e+03	1.085094372012032279e-03	2.289823838643674225e+00
4.750000000000000000e+02	2.529421638576431633e+03	1.079061029397921680e-03	2.289073489411348472e+00
4.760000000000000000e+02	2.534242654683786895e+03	1.076663718738693400e-03	2.288775462720630038e+00
4.780000000000000000e+02	2.543884749513397310e+03	1.071896481383664834e-03	2.288182937989059695e+00
4.805000000000000000e+02	2.555937485769318300e+03	1.065988638587163752e-03	2.287448353517561372e+00
4.830000000000000000e+02	2.567990353345760468e+03	1.060136951339297638e-03	2.286721671033667302e+00
4.840000000000000000e+02	2.572811537262694856e+03	1.057811741539347152e-03	2.286433089934397866e+00
4.860000000000000000e+02	2.582453968494194669e+03	1.053187966466896663e-03	2.285859331514980219e+00
4.885000000000000000e+02	2.594507126775578399e+03	1.047457732031919142e-03	2.285148753823531109e+00
4.910000000000000000e+02	2.606560418071338063e+03	1.041781740605270557e-03	2.284445127946589604e+00
4.915000000000000000e+02	2.608971092334644709e+03	1.040652928855989937e-03	2.284305038107701247e+00
4.940000000000000000e+02	2.621024543917319988e+03	1.035041529361585382e-03	2.283610454791896061e+00
4.995000000000000000e+02	2.647542610389178208e+03	1.022882461830347750e-03	2.282106294640463329e+00
