f	min_s_G1	min_s_G2	min_s_G1G2
1.000000000000000000e+00	5.083559966792035034e-01	1.100358859243209635e-03	7.139552996780278590e+03
2.000000000000000000e+00	4.986081017751127775e-01	1.883387315443626770e-03	7.439030737512955966e+03
3.000000000000000000e+00	4.888016692428324705e-01	1.883975988450902915e-03	7.758083444460050487e+03
4.000000000000000000e+00	4.789700245832986258e-01	1.884448424701740945e-03	8.098197419052744408e+03
5.000000000000000000e+00	4.691200643842298734e-01	1.885010054828342718e-03	8.461211329169458622e+03
6.000000000000000000e+00	4.592542376239586721e-01	1.885697311010112827e-03	8.849204061277012443e+03
7.000000000000000000e+00	4.493737357418970402e-01	1.886531329831726052e-03	9.264506435793677156e+03
8.000000000000000000e+00	4.394792954450116307e-01	1.887540322413789511e-03	9.709732988187983210e+03
9.000000000000000000e+00	4.295714685849725267e-01	1.888758973120834928e-03	1.018782289657632828e+04
1.000000000000000000e+01	4.196507319847638251e-01	1.853343164761138027e-03	1.070208840580136712e+04
1.100000000000000000e+01	4.097175391914774645e-01	1.591213659194895243e-03	1.125627146755421927e+04
1.200000000000000000e+01	3.997723482402187334e-01	1.363553942007018167e-03	1.185461072116153264e+04
1.300000000000000000e+01	3.898156385828401849e-01	1.162819344750142111e-03	1.250192160843395686e+04
1.400000000000000000e+01	3.798479228830825005e-01	9.836084224735068809e-04	1.320369267681404926e+04
1.500000000000000000e+01	3.698697563836584878e-01	8.220235743300862699e-04	1.396620158466431349e+04
1.600000000000000000e+01	3.598817452868585121e-01	6.753044842955247418e-04	1.479665521853445171e+04
1.700000000000000000e+01	3.498845549788296427e-01	5.416835844495462111e-04	1.570335963467034890e+04
1.800000000000000000e+01	3.398789186948759644e-01	4.205314605918748913e-04	3.998418180604676309e+04
1.900000000000000000e+01	3.298656470901530358e-01	3.131400355096063235e-04	1.778553077151476464e+04
2.000000000000000000e+01	3.198456391431638846e-01	2.253246087745982228e-04	1.898521671229212370e+04
2.100000000000000000e+01	3.098198949757448029e-01	1.736189440171743579e-04	2.031029427352013226e+04
2.200000000000000000e+01	2.997895311258353401e-01	1.799531583350853889e-04	2.177882177379042332e+04
2.300000000000000000e+01	2.897557990925588300e-01	2.334285085252861590e-04	2.341221904997100864e+04
2.400000000000000000e+01	2.797201081651548016e-01	3.066881870469043343e-04	2.523604460800440575e+04
2.500000000000000000e+01	2.696840538825667211e-01	3.861927297056321189e-04	2.728099000807241828e+04
2.600000000000000000e+01	2.596494539359356368e-01	4.670771351774899568e-04	2.958416351943660993e+04
2.700000000000000000e+01	2.496183939648547456e-01	5.475354371438877470e-04	3.219076303607616501e+04
2.800000000000000000e+01	2.395932865826584379e-01	6.268614241290915894e-04	3.515627874757882091e+04
2.900000000000000000e+01	2.295769481978563453e-01	7.047872122019338808e-04	3.854942560506642621e+04
3.000000000000000000e+01	2.195726999293261539e-01	7.812350666407398255e-04	4.245609449586605479e+04
3.100000000000000000e+01	2.095845013506699439e-01	8.562139488088862591e-04	4.698474580252773740e+04
3.200000000000000000e+01	1.996171292739314929e-01	8.959524116470534566e-04	5.227387659870339849e+04
3.300000000000000000e+01	1.896764187975713833e-01	8.904674390298569948e-04	5.850251653329253168e+04
3.400000000000000000e+01	1.797695911733164509e-01	8.876963371610009342e-04	6.590521796539722709e+04
3.500000000000000000e+01	1.699057039795628665e-01	8.869391506349679323e-04	7.479384965731034754e+04
3.600000000000000000e+01	1.600962757494687749e-01	8.871658562921646510e-04	8.559008737658894097e+04
3.700000000000000000e+01	1.503561633275665443e-01	8.894876153662080800e-04	9.887525224926060764e+04
3.800000000000000000e+01	1.407048125566889574e-01	8.950850348565806205e-04	1.154680713796435739e+05
3.900000000000000000e+01	1.311680742351861995e-01	9.027315690184581527e-04	1.365493872563761252e+05
4.000000000000000000e+01	1.217809030454123781e-01	9.099804760716102055e-04	1.638701864020845096e+05
4.100000000000000000e+01	1.125914904777229608e-01	9.135057905811932869e-04	2.001119425732596137e+05
4.200000000000000000e+01	1.036678404294324174e-01	9.089960710436867982e-04	2.495383450557748147e+05
4.300000000000000000e+01	9.510874635921420794e-02	8.919768426225061116e-04	3.192354065944991889e+05
4.400000000000000000e+01	8.706320150821349191e-02	8.597468164938143909e-04	4.216138512988511939e+05
4.500000000000000000e+01	7.976689192033049880e-02	8.137096860147290979e-04	5.798170793479968561e+05
4.600000000000000000e+01	7.361404672492538603e-02	7.598825468631764061e-04	8.404380775437429547e+05
4.700000000000000000e+01	6.929467469968059179e-02	7.051459860988950430e-04	1.307486157567753689e+06
4.800000000000000000e+01	6.794535093537230896e-02	6.539069830299253615e-04	2.263101415316725150e+06
4.900000000000000000e+01	6.942773613129699095e-02	6.078150456276281343e-04	5.041591494924018160e+06
5.000000000000000000e+01	8.352069193268760183e-02	5.668298323402968684e-04	2.527133232506505027e+07
5.100000000000000000e+01	6.942928911606660591e-02	5.302140237647656436e-04	5.041583298178551719e+06
5.200000000000000000e+01	6.794610937361156289e-02	4.970807242538506903e-04	2.263101056904647499e+06
5.300000000000000000e+01	6.929410407330219290e-02	4.666716756602427526e-04	1.307486231642459985e+06
5.400000000000000000e+01	7.361268383529669113e-02	4.384410426107056800e-04	8.404382029579482041e+05
5.500000000000000000e+01	7.976505738849923310e-02	4.120762862160549695e-04	5.798172122423133114e+05
5.600000000000000000e+01	8.706107079929795156e-02	3.874861261193008038e-04	4.216139813661191729e+05
5.700000000000000000e+01	9.510642025071779082e-02	3.647746073896032410e-04	3.192355226278224727e+05
5.800000000000000000e+01	1.036653806734110783e-01	3.442045620574957871e-04	2.495384314329951594e+05
5.900000000000000000e+01	1.125889372352622403e-01	3.261480400384412668e-04	2.001119785641736526e+05
6.000000000000000000e+01	1.217782838088323494e-01	3.110066195851821070e-04	1.638701417968617752e+05
6.100000000000000000e+01	1.311654086988593981e-01	2.992001856087574303e-04	1.365492207707660273e+05
6.200000000000000000e+01	1.407021154514700723e-01	2.909424025856554934e-04	1.154677425266667560e+05
6.300000000000000000e+01	1.503534461677097367e-01	2.863101840223598654e-04	9.887477353886247147e+04
6.400000000000000000e+01	1.600935479652025040e-01	2.851434415836589251e-04	8.558962748259927321e+04
6.500000000000000000e+01	1.699029736845284744e-01	2.870791969794811546e-04	7.479371197334976750e+04
6.600000000000000000e+01	1.797668657079750654e-01	2.916138838221866893e-04	6.590557232053429470e+04
6.700000000000000000e+01	1.896737051304870358e-01	2.981829701706311948e-04	5.850331898253747931e+04
6.800000000000000000e+01	1.996144343139956978e-01	3.062323696726467468e-04	5.227502609512833442e+04
6.900000000000000000e+01	2.095818322023858538e-01	3.152670055851915318e-04	4.698617365640443313e+04
7.000000000000000000e+01	2.195700641152484034e-01	3.248748609179964589e-04	4.245777222104940302e+04
7.100000000000000000e+01	2.295743538644277326e-01	3.347330470175674468e-04	3.855135441780743713e+04
7.300000000000000000e+01	2.496159105491014829e-01	3.542880988349940831e-04	3.219328224157512886e+04
7.400000000000000000e+01	2.596470422597526029e-01	3.636848571340544570e-04	2.958705959207363412e+04
7.500000000000000000e+01	2.696817267450806743e-01	3.725135071376979275e-04	2.728434039657059111e+04
7.700000000000000000e+01	2.897536870681061139e-01	3.844078734640904655e-04	2.341686327080112460e+04
7.800000000000000000e+01	2.997875544506600765e-01	3.654436268670045035e-04	2.178437750708376188e+04
7.900000000000000000e+01	3.098180761655451310e-01	3.486594393951773308e-04	2.031697536383597981e+04
8.100000000000000000e+01	3.298642274347193815e-01	3.242245276363224017e-04	1.779521419465225699e+04
8.200000000000000000e+01	3.398777505217397410e-01	3.173141034849830794e-04	4.005762997979833744e+04
8.300000000000000000e+01	3.498836817010078648e-01	3.139478439382166410e-04	1.571773023268393808e+04
8.400000000000000000e+01	3.598812190214319418e-01	3.131122143863638522e-04	1.481464766025476638e+04
8.500000000000000000e+01	3.698696402727117971e-01	3.115173135009099438e-04	1.398904205548430764e+04
8.700000000000000000e+01	3.898165933263974536e-01	2.877467963894742432e-04	1.253649851864350603e+04
8.800000000000000000e+01	3.997740070018168668e-01	2.603824065639075147e-04	1.189139935560627055e+04
9.000000000000000000e+01	4.196543092922802032e-01	1.929334757831093665e-04	1.073111505376155219e+04
9.100000000000000000e+01	4.295763759814538174e-01	1.668723205963727567e-04	1.020917692558202725e+04
9.300000000000000000e+01	4.493825814166193533e-01	1.366728180270297493e-04	9.276161106944846324e+03
9.400000000000000000e+01	4.592661205345553443e-01	1.254082619783350786e-04	8.858526040186916362e+03
9.500000000000000000e+01	4.691362683820043400e-01	1.148386288196444539e-04	8.468987073016753129e+03
9.600000000000000000e+01	4.789927976088101946e-01	1.048945828536288887e-04	8.104759645672530496e+03
9.800000000000000000e+01	4.986642121907453595e-01	8.670032223111523765e-05	7.443685261144497417e+03
1.000000000000000000e+02	5.182790035033167930e-01	7.085014012830455007e-05	6.860534206607865599e+03
1.010000000000000000e+02	5.280648251848739649e-01	6.331176516924876701e-05	6.594369562505564318e+03
1.030000000000000000e+02	5.475927855235285246e-01	5.034749289749671397e-05	6.106555245443629246e+03
1.040000000000000000e+02	5.573347535077604054e-01	4.475470688756179668e-05	5.882720394673915507e+03
1.050000000000000000e+02	5.670619542144004210e-01	3.985424110198173772e-05	5.670979421139993974e+03
1.070000000000000000e+02	5.864718440776722774e-01	3.260397638071830021e-05	5.280422574323268236e+03
1.090000000000000000e+02	6.058221334919097201e-01	2.960969823782544873e-05	4.928877193551701566e+03
1.100000000000000000e+02	6.154748659101153541e-01	2.983716388595904261e-05	4.766127960708039609e+03
1.120000000000000000e+02	6.347354467565096137e-01	3.313467971238232424e-05	4.463913261022718871e+03
1.130000000000000000e+02	6.443432904453754162e-01	3.579422540275604709e-05	4.323472945890582196e+03
1.140000000000000000e+02	6.539361756678992998e-01	3.887650087789292527e-05	4.189557063015404310e+03
1.160000000000000000e+02	6.730771173866880730e-01	4.579070399093484279e-05	3.939735856425860675e+03
1.180000000000000000e+02	6.921584053558866856e-01	5.317162398188542447e-05	3.711608031643007962e+03
1.200000000000000000e+02	7.111802278331955662e-01	6.066759359254869741e-05	3.502732221430359004e+03
1.210000000000000000e+02	7.206689103631124249e-01	6.439883434357002493e-05	3.404843853362112441e+03
1.230000000000000000e+02	7.396019785960945558e-01	7.175627353904676900e-05	3.220984949618357859e+03
1.250000000000000000e+02	7.584762177476834788e-01	7.890686530355076967e-05	3.051622967116947166e+03
1.270000000000000000e+02	7.772919247457731329e-01	8.578171605632516625e-05	2.895273223158921610e+03
1.280000000000000000e+02	7.866779252595130778e-01	8.909385573307009314e-05	2.821565434226027719e+03
1.290000000000000000e+02	7.960494097446334516e-01	9.230947470750077951e-05	2.750636381414105017e+03
1.310000000000000000e+02	8.147489903025503244e-01	9.840661407124397405e-05	2.616571289410269401e+03
1.340000000000000000e+02	8.426904900752418826e-01	1.065191493093317724e-04	2.433128210382462385e+03
1.350000000000000000e+02	8.519757166680632654e-01	1.088829669092418738e-04	2.376250303611834624e+03
1.360000000000000000e+02	8.612467052341897800e-01	1.110488812641894962e-04	2.321343144013452275e+03
1.380000000000000000e+02	8.797461216712633147e-01	1.147157986856295976e-04	2.217085672772343969e+03
1.410000000000000000e+02	9.073894033869749354e-01	1.183071842148001836e-04	2.073384936310705598e+03
1.420000000000000000e+02	9.165757498129097902e-01	1.189440756268181403e-04	2.028575911090414820e+03
1.430000000000000000e+02	9.257481134864220529e-01	1.192899599860110563e-04	1.985202334002816769e+03
1.460000000000000000e+02	9.531816363276821580e-01	1.186244761064923872e-04	1.863101691361761596e+03
1.480000000000000000e+02	9.714013233200974318e-01	1.169200949480741412e-04	1.787844897595542761e+03
1.490000000000000000e+02	9.804904568138840260e-01	1.157707798868169892e-04	1.751912022795685061e+03
1.510000000000000000e+02	9.986274412471277673e-01	1.130888912076039699e-04	1.683215845482764280e+03
1.540000000000000000e+02	1.025730093323854009e+00	1.087054943046367834e-04	1.587495060563027891e+03
1.550000000000000000e+02	1.034736985456077063e+00	1.073139696061617388e-04	1.557394257783717876e+03
1.560000000000000000e+02	1.043730251441949086e+00	1.060125001223626592e-04	1.528140364113519354e+03
1.590000000000000000e+02	1.070628491153747364e+00	1.028498505911081316e-04	1.445153594772022188e+03
1.610000000000000000e+02	1.088492867065464109e+00	1.014433464214772494e-04	1.393525240409082471e+03
1.620000000000000000e+02	1.097404769150919002e+00	1.009463376163112968e-04	1.368741503854921802e+03
1.650000000000000000e+02	1.124059503709698093e+00	1.001689830856096160e-04	1.298228351468459323e+03
1.670000000000000000e+02	1.141761975405087171e+00	1.001286190878990424e-04	1.254201340429909578e+03
1.680000000000000000e+02	1.150593038800107326e+00	1.002173498515255905e-04	1.233022124775556222e+03
1.710000000000000000e+02	1.177005648549742878e+00	1.008048952932906949e-04	1.172602826532107656e+03
1.730000000000000000e+02	1.194546980150795745e+00	1.013913132396474014e-04	1.134754287964063906e+03
1.740000000000000000e+02	1.203297542211829274e+00	1.017263926344239510e-04	1.116512561558758080e+03
1.770000000000000000e+02	1.229468869470655479e+00	1.028549076703455702e-04	1.064347014067545842e+03
1.790000000000000000e+02	1.246849488919190341e+00	1.036845607966693073e-04	1.031571858017150362e+03
1.800000000000000000e+02	1.255519725950703380e+00	1.041170676486717454e-04	1.015748136476315608e+03
1.830000000000000000e+02	1.281450158819247065e+00	1.054703747764663355e-04	9.703979187525566203e+02
1.850000000000000000e+02	1.298670215786223991e+00	1.064097843944101737e-04	9.418280795513582007e+02
1.860000000000000000e+02	1.307260172394157038e+00	1.068884036951933599e-04	9.280130999332022839e+02
1.890000000000000000e+02	1.332949733686537908e+00	1.083526695702155518e-04	8.883406800016574607e+02
1.910000000000000000e+02	1.350009159062360187e+00	1.093472703127016337e-04	8.632864215765623612e+02
1.930000000000000000e+02	1.367014995797316113e+00	1.103522270475305330e-04	8.392752210368195165e+02
1.960000000000000000e+02	1.392423204184140895e+00	1.118717833300313737e-04	8.050903304726870147e+02
1.970000000000000000e+02	1.400865777041737426e+00	1.123800079824435142e-04	7.941574848732218470e+02
1.990000000000000000e+02	1.417710649199964479e+00	1.133969199461755216e-04	7.729480203622086947e+02
2.020000000000000000e+02	1.442877196498489889e+00	1.149187097223278501e-04	7.426887921843770073e+02
2.030000000000000000e+02	1.451239154600150405e+00	1.154238531477030737e-04	7.329955110681978567e+02
2.060000000000000000e+02	1.476244278158701961e+00	1.169292394564193382e-04	7.050250849772907031e+02
2.080000000000000000e+02	1.492847011535249901e+00	1.179221132495517858e-04	6.872562009193136419e+02
2.100000000000000000e+02	1.509395812477362320e+00	1.189046794148075886e-04	6.701491070232705169e+02
2.130000000000000000e+02	1.534117791489537863e+00	1.203594645401472659e-04	6.456588757723746994e+02
2.140000000000000000e+02	1.542331436261176636e+00	1.208402042855589569e-04	6.377924490690760422e+02
2.170000000000000000e+02	1.566891250453264162e+00	1.222666454324144623e-04	6.150347169310140316e+02
2.190000000000000000e+02	1.583196808347974827e+00	1.231991080098129778e-04	6.005312229303137883e+02
2.210000000000000000e+02	1.599448199455406172e+00	1.241154030410713562e-04	5.865334134924920590e+02
2.240000000000000000e+02	1.623723644968774193e+00	1.254602659636363767e-04	5.664343995700688765e+02
2.250000000000000000e+02	1.631788339369214746e+00	1.259007844665138807e-04	5.599632365822305928e+02
2.290000000000000000e+02	1.663911417107146962e+00	1.276244122818501355e-04	5.351536251163691986e+02
2.300000000000000000e+02	1.671908246124281572e+00	1.280457791905578854e-04	5.292081116112485688e+02
2.330000000000000000e+02	1.695817235627709030e+00	1.292872773477881927e-04	5.119524370839691301e+02
2.350000000000000000e+02	1.711688628610205321e+00	1.300963125298578240e-04	5.009119119265811833e+02
2.370000000000000000e+02	1.727505662691013466e+00	1.308906029463157480e-04	4.902236137598973755e+02
2.400000000000000000e+02	1.751129280925458387e+00	1.320545014176856041e-04	4.748193814089268017e+02
2.410000000000000000e+02	1.758976638437390383e+00	1.324351046906215978e-04	4.698451820591274100e+02
2.450000000000000000e+02	1.790230181862123349e+00	1.339203405808102635e-04	4.507075400699055194e+02
2.460000000000000000e+02	1.798009604102539960e+00	1.342822957970427565e-04	4.461052153703339513e+02
2.500000000000000000e+02	1.828991512701035882e+00	1.356927611532168180e-04	4.283809079934396777e+02
2.510000000000000000e+02	1.836703061524878722e+00	1.360361391144825169e-04	4.241143003141746135e+02
2.540000000000000000e+02	1.859756346687729600e+00	1.370446179224812607e-04	4.116887000335755715e+02
2.560000000000000000e+02	1.875057453247651607e+00	1.376992754259567515e-04	4.037047771137896461e+02
2.590000000000000000e+02	1.897907606360978550e+00	1.386553407521925281e-04	3.921558131312471005e+02
2.610000000000000000e+02	1.913073450845410362e+00	1.392753132758714550e-04	3.847286027397844350e+02
2.630000000000000000e+02	1.928185294804080963e+00	1.398813093011370685e-04	3.775095851474817437e+02
2.660000000000000000e+02	1.950751962017278629e+00	1.407738805560898381e-04	3.670546585975303060e+02
2.680000000000000000e+02	1.965729119351930398e+00	1.413560920177946763e-04	3.603231737759266480e+02
2.710000000000000000e+02	1.988094135013907859e+00	1.422056662828926395e-04	3.505664897099488257e+02
2.720000000000000000e+02	1.995522327151798114e+00	1.424830300300300554e-04	3.474018154643032403e+02
2.760000000000000000e+02	2.025101360694448793e+00	1.435653577103129341e-04	3.351603631600915492e+02
2.770000000000000000e+02	2.032462751640409682e+00	1.438294032997728040e-04	3.322006526962338171e+02
2.810000000000000000e+02	2.061775272484998478e+00	1.448606237297521654e-04	3.207436500150024585e+02
2.820000000000000000e+02	2.069070217896056274e+00	1.451123633176308928e-04	3.179715828131563740e+02
2.860000000000000000e+02	2.098117744492003833e+00	1.460960427514196107e-04	3.072334245339652057e+02
2.870000000000000000e+02	2.105346647789394066e+00	1.463362986937425943e-04	3.046334715860369897e+02
2.910000000000000000e+02	2.134130888006338100e+00	1.472755638049293809e-04	2.945552698143142720e+02
2.920000000000000000e+02	2.141294199501965423e+00	1.475050842604255731e-04	2.921134758366534925e+02
2.960000000000000000e+02	2.169817046610592381e+00	1.484028146421509983e-04	2.826422513945411765e+02
2.970000000000000000e+02	2.176915262378893878e+00	1.486222930308556849e-04	2.803460472865049269e+02
3.010000000000000000e+02	2.205178790087959140e+00	1.494811637077710271e-04	2.714340323710036955e+02
3.020000000000000000e+02	2.212212450620214543e+00	1.496912448805214600e-04	2.692720732311007055e+02
3.060000000000000000e+02	2.240218907312877761e+00	1.505137456501549160e-04	2.608761082134569165e+02
3.080000000000000000e+02	2.254145563952623998e+00	1.509146239965871610e-04	2.568238098905837319e+02
3.110000000000000000e+02	2.274940398285146159e+00	1.515034764270513368e-04	2.509191431382662074e+02
3.130000000000000000e+02	2.288740490078584155e+00	1.518879836791094313e-04	2.470944605771249769e+02
3.160000000000000000e+02	2.309346465457640996e+00	1.524530644655305823e-04	2.415183929241300405e+02
3.180000000000000000e+02	2.323021328018334053e+00	1.528222295356827733e-04	2.379045990913670607e+02
3.210000000000000000e+02	2.343440504491541176e+00	1.533650259688757920e-04	2.326332015407334382e+02
3.240000000000000000e+02	2.363748636005579051e+00	1.538951209619938423e-04	2.275340197668868143e+02
3.260000000000000000e+02	2.377226094558813063e+00	1.542416967191157526e-04	2.242265609969920774e+02
3.300000000000000000e+02	2.404034999566548425e+00	1.549190858205154063e-04	2.178230272549960489e+02
3.310000000000000000e+02	2.410706988303473963e+00	1.550852440973729670e-04	2.162647254956092411e+02
3.350000000000000000e+02	2.437274948168957955e+00	1.557375910979334884e-04	2.101947134892021154e+02
3.360000000000000000e+02	2.443887101557537189e+00	1.558976827065146407e-04	2.087168723706550395e+02
3.400000000000000000e+02	2.470217359427950399e+00	1.565264948617053095e-04	2.029576267128445295e+02
3.410000000000000000e+02	2.476770502898702819e+00	1.566808788099719753e-04	2.015548034360440681e+02
3.450000000000000000e+02	2.502866416544625494e+00	1.572875448844634908e-04	1.960854769729561156e+02
3.470000000000000000e+02	2.515844862983851016e+00	1.575845369815495319e-04	1.934333290348857020e+02
3.500000000000000000e+02	2.535226436517971749e+00	1.580223788248933422e-04	1.895541463010248435e+02
3.530000000000000000e+02	2.554505553021379605e+00	1.584513305513830502e-04	1.857896476478844079e+02
3.550000000000000000e+02	2.567301859648674078e+00	1.587325123251726261e-04	1.833414768962182961e+02
3.590000000000000000e+02	2.592760344646995563e+00	1.592837842911745390e-04	1.785870230990518337e+02
3.600000000000000000e+02	2.599097239137348581e+00	1.594193532339300071e-04	1.774270830221090591e+02
3.640000000000000000e+02	2.624335036840000690e+00	1.599529376298717642e-04	1.728976554179199923e+02
3.660000000000000000e+02	2.636888598966526054e+00	1.602146517020392250e-04	1.706971943733727528e+02
3.690000000000000000e+02	2.655638133023118019e+00	1.606010870567708255e-04	1.674738119279425348e+02
3.720000000000000000e+02	2.674291624600092288e+00	1.609803760355590484e-04	1.643401418550769790e+02
3.740000000000000000e+02	2.686674448538348248e+00	1.612293812455169108e-04	1.622992347641119295e+02
3.780000000000000000e+02	2.711314702897908102e+00	1.617184424727599146e-04	1.583289048677202970e+02
3.790000000000000000e+02	2.717448873723336433e+00	1.618388904923940478e-04	1.573588918073001537e+02
3.830000000000000000e+02	2.741883181257227520e+00	1.623136472480210242e-04	1.535658798187376135e+02
3.850000000000000000e+02	2.754039470756630248e+00	1.625469079120102876e-04	1.517201489479984673e+02
3.880000000000000000e+02	2.772198731098189484e+00	1.628918048422533051e-04	1.490127785167353522e+02
3.920000000000000000e+02	2.796272455481325636e+00	1.633426391081572884e-04	1.455132505384778483e+02
3.930000000000000000e+02	2.802266403739017253e+00	1.634537816587852330e-04	1.446574546515238353e+02
3.970000000000000000e+02	2.826145491092302731e+00	1.638922790106941963e-04	1.413079878469231971e+02
3.990000000000000000e+02	2.838027585279520260e+00	1.641079693946673548e-04	1.396763063615358931e+02
4.020000000000000000e+02	2.855779839495251604e+00	1.644271901486232498e-04	1.372807725785642674e+02
4.060000000000000000e+02	2.879318920509731150e+00	1.648450017177524032e-04	1.341805181379441478e+02
4.070000000000000000e+02	2.885180646188170606e+00	1.649480954848260128e-04	1.334217042878175050e+02
4.110000000000000000e+02	2.908536611508721226e+00	1.653551924452587084e-04	1.304492972198953282e+02
4.130000000000000000e+02	2.920160611468429313e+00	1.655556453761256248e-04	1.289998368982419663e+02
4.160000000000000000e+02	2.937530065344454044e+00	1.658525662955775395e-04	1.268700760815705166e+02
4.200000000000000000e+02	2.960566858804826396e+00	1.662416436444062425e-04	1.241106539387663048e+02
4.210000000000000000e+02	2.966304462351426530e+00	1.663377261492645417e-04	1.234347197931055859e+02
4.250000000000000000e+02	2.989169740085934723e+00	1.667174410634800468e-04	1.207848948269362239e+02
4.280000000000000000e+02	3.006230464010517966e+00	1.669975001946821423e-04	1.188525430516466770e+02
4.300000000000000000e+02	3.017562883754527636e+00	1.671820169565978685e-04	1.175896830880887194e+02
4.340000000000000000e+02	3.040129858039364752e+00	1.675459381672348802e-04	1.151229678316938276e+02
4.350000000000000000e+02	3.045751453354555327e+00	1.676358757169537760e-04	1.145182846522134810e+02
4.390000000000000000e+02	3.068158474858798446e+00	1.679915657971123256e-04	1.121460608017704033e+02
4.430000000000000000e+02	3.090440488095334448e+00	1.683409301364002515e-04	1.098459903286099149e+02
4.440000000000000000e+02	3.095991765469985335e+00	1.684273086511861443e-04	1.092819045943234215e+02
4.480000000000000000e+02	3.118121193136829117e+00	1.687690717186691265e-04	1.070679765124050959e+02
4.500000000000000000e+02	3.129141066139070837e+00	1.689377474589656247e-04	1.059858697873947193e+02
4.530000000000000000e+02	3.145615734813809183e+00	1.691880737077203949e-04	1.043928599527963854e+02
4.570000000000000000e+02	3.167480721244387176e+00	1.695169510647876691e-04	1.023234757660389391e+02
4.580000000000000000e+02	3.172929156944171769e+00	1.695983163430743739e-04	1.018156307417644797e+02
4.620000000000000000e+02	3.194652853466762643e+00	1.699204451201591554e-04	9.982115257327428992e+01
4.660000000000000000e+02	3.216266380898209931e+00	1.702373714096724975e-04	9.788402263093412614e+01
4.670000000000000000e+02	3.221652845124943099e+00	1.703158097060707317e-04	9.740844389769512190e+01
4.710000000000000000e+02	3.243132209301499813e+00	1.706264653096586177e-04	9.553995585819222924e+01
4.740000000000000000e+02	3.259173007724235127e+00	1.708562726477878021e-04	9.417321833376266227e+01
4.760000000000000000e+02	3.269834729581880595e+00	1.710079966255569951e-04	9.327808704821764252e+01
4.800000000000000000e+02	3.291082415948261453e+00	1.713079723759783389e-04	9.152522075702016480e+01
4.830000000000000000e+02	3.306953099039918964e+00	1.715299853394683740e-04	9.024238996923953948e+01
4.850000000000000000e+02	3.317503133760056677e+00	1.716766122641696761e-04	8.940190495040413055e+01
4.890000000000000000e+02	3.338531552317134388e+00	1.719666240831058449e-04	8.775533770326822491e+01
4.910000000000000000e+02	3.349010535909193287e+00	1.721100409239067369e-04	8.694884102583353069e+01
4.940000000000000000e+02	3.364685816670717422e+00	1.723232234291724311e-04	8.575951486453203643e+01
4.980000000000000000e+02	3.385507111012847403e+00	1.726039188158064663e-04	8.421084560086339366e+01
5.000000000000000000e+02	3.395884526095221734e+00	1.727427786183465897e-04	8.345198825241327256e+01
5.030000000000000000e+02	3.411409925958244216e+00	1.729492479883466957e-04	8.233253842124425148e+01
5.070000000000000000e+02	3.432035954971357938e+00	1.732212137924731053e-04	8.087418052215149089e+01
5.090000000000000000e+02	3.442317681831346565e+00	1.733558006361428697e-04	8.015929456107281226e+01
5.120000000000000000e+02	3.457701958805524001e+00	1.735559717487389450e-04	7.910436968693588256e+01
5.160000000000000000e+02	3.478144281629049761e+00	1.738197409905279398e-04	7.772945804388419333e+01
5.170000000000000000e+02	3.483242585839489092e+00	1.738851351837704341e-04	7.739125413438829071e+01
5.210000000000000000e+02	3.503587729996997080e+00	1.741445632412461423e-04	7.605997394799494771e+01
5.250000000000000000e+02	3.523857593951243317e+00	1.744006210406172180e-04	7.476228417186422348e+01
5.260000000000000000e+02	3.528913550965893542e+00	1.744641191970761887e-04	7.444297841346630662e+01
5.300000000000000000e+02	3.549092346467555448e+00	1.747160865785135088e-04	7.318571265131986081e+01
5.340000000000000000e+02	3.569200677653316500e+00	1.749648753814900064e-04	7.195959064238201108e+01
5.360000000000000000e+02	3.579229074474508110e+00	1.750881028757009608e-04	7.135788952200519475e+01
5.390000000000000000e+02	3.594240187689299315e+00	1.752715127952229337e-04	7.046919068573232892e+01
5.430000000000000000e+02	3.614197583977493355e+00	1.755134369199589782e-04	6.930949107365682949e+01
5.450000000000000000e+02	3.624152243773240745e+00	1.756332956856269608e-04	6.874019400342633901e+01
5.480000000000000000e+02	3.639054891258160840e+00	1.758117297261090485e-04	6.789912280458531768e+01
5.520000000000000000e+02	3.658871617395983655e+00	1.760471593859507303e-04	6.680115500395663730e+01
5.550000000000000000e+02	3.673695131661378177e+00	1.762219065021070270e-04	6.599481214308916321e+01
5.570000000000000000e+02	3.683559343084442883e+00	1.763375507424653208e-04	6.546521649542431476e+01
5.610000000000000000e+02	3.703245327659495878e+00	1.765668255784089841e-04	6.442469731892504115e+01
5.640000000000000000e+02	3.717973614150402284e+00	1.767370500252159833e-04	6.366026637792093368e+01
5.660000000000000000e+02	3.727775671605532359e+00	1.768497224281242401e-04	6.315806902219532049e+01
5.700000000000000000e+02	3.747340505623400819e+00	1.770731546154931553e-04	6.217108095578716842e+01
5.740000000000000000e+02	3.766854485210419767e+00	1.772940837248666531e-04	6.120671425688212963e+01
5.750000000000000000e+02	3.771725245481272637e+00	1.773489313539698003e-04	6.096907671340352408e+01
5.790000000000000000e+02	3.791178182322352708e+00	1.775668083722583060e-04	6.003203109333682619e+01
5.830000000000000000e+02	3.810584269228415533e+00	1.777823027974093518e-04	5.911610877775847683e+01
5.840000000000000000e+02	3.815428674255347818e+00	1.778358100858256979e-04	5.889035485940074466e+01
5.880000000000000000e+02	3.834778630794121845e+00	1.780483971488044167e-04	5.799995930399591515e+01
5.920000000000000000e+02	3.854085592951625561e+00	1.782587129215053453e-04	5.712931120323646894e+01
5.940000000000000000e+02	3.863723472920985280e+00	1.783630337508404604e-04	5.670121181467036564e+01
5.970000000000000000e+02	3.878161370181602674e+00	1.785184847222329337e-04	5.606789636795408427e+01
6.010000000000000000e+02	3.897377642272189302e+00	1.787238586694611534e-04	5.523960796206419843e+01
6.050000000000000000e+02	3.916556228623516933e+00	1.789271076559897033e-04	5.442927187627593355e+01
6.060000000000000000e+02	3.921345171674058605e+00	1.789775928192415900e-04	5.422943263727740515e+01
6.100000000000000000e+02	3.940478858249173655e+00	1.791782443752310678e-04	5.344082071886036545e+01
6.140000000000000000e+02	3.959578356075476258e+00	1.793768633548570323e-04	5.266903707515164257e+01
6.150000000000000000e+02	3.964348065873388283e+00	1.794262050999657920e-04	5.247866499586478994e+01
6.190000000000000000e+02	3.983406944983928888e+00	1.796223379503549791e-04	5.172725599481525194e+01
6.230000000000000000e+02	4.002434988485096490e+00	1.798165240804485950e-04	5.099163805881759259e+01
6.260000000000000000e+02	4.016686655302382114e+00	1.799609079739954468e-04	5.045002511842675119e+01
6.280000000000000000e+02	4.026178878367136171e+00	1.800565742384889522e-04	5.009366023614259689e+01
6.320000000000000000e+02	4.045142781050335756e+00	1.802465109765129551e-04	4.939200364639129504e+01
6.360000000000000000e+02	4.064080441318043135e+00	1.804346146757425298e-04	4.870477736303290328e+01
6.370000000000000000e+02	4.068810915346240620e+00	1.804813580492522975e-04	4.853517966715713783e+01
6.410000000000000000e+02	4.087717674222825615e+00	1.806672163787133105e-04	4.786544597485806207e+01
6.450000000000000000e+02	4.106601199971666283e+00	1.808513139588563293e-04	4.720928595234671832e+01
6.480000000000000000e+02	4.120749376512905293e+00	1.809882500856811499e-04	4.672585651093947945e+01
6.500000000000000000e+02	4.130174903137893594e+00	1.810790063880516601e-04	4.640762627088269454e+01
6.540000000000000000e+02	4.149010841555587525e+00	1.812592527521201982e-04	4.578070806875012266e+01
6.580000000000000000e+02	4.167827651290355817e+00	1.814378345463128382e-04	4.516623568088208174e+01
6.600000000000000000e+02	4.177229260808482003e+00	1.815265099518788706e-04	4.486356526032323444e+01
6.630000000000000000e+02	4.191323598451011989e+00	1.816587632701781958e-04	4.441515578214382742e+01
6.670000000000000000e+02	4.210101737568476388e+00	1.818337002406035443e-04	4.382752075926902791e+01
6.710000000000000000e+02	4.228864570539457191e+00	1.820070601655200617e-04	4.325131887147185950e+01
6.720000000000000000e+02	4.233553019037164411e+00	1.820501567222692837e-04	4.310902056525197423e+01
6.760000000000000000e+02	4.252298291425099741e+00	1.822215809066762664e-04	4.254670250829504852e+01
6.800000000000000000e+02	4.271030741125716901e+00	1.823914841163600735e-04	4.199517662677483543e+01
6.830000000000000000e+02	4.285072302944620048e+00	1.825179277416504172e-04	4.158845162081715330e+01
6.850000000000000000e+02	4.294429885733376473e+00	1.826017604951959874e-04	4.132053470326030720e+01
6.890000000000000000e+02	4.313137325247495824e+00	1.827683276572336841e-04	4.079231556125424163e+01
6.930000000000000000e+02	4.331835296390639023e+00	1.829334489883507084e-04	4.027404036030882395e+01
6.950000000000000000e+02	4.341181037647420915e+00	1.830154743142367265e-04	4.001855518912552867e+01
6.980000000000000000e+02	4.355195931363828876e+00	1.831378506715776856e-04	3.963980900851974098e+01
7.020000000000000000e+02	4.373876131434511372e+00	1.832997978820679729e-04	3.914302688410132447e+01
7.060000000000000000e+02	4.392549943825003744e+00	1.834603682144691778e-04	3.865542260563403687e+01
7.070000000000000000e+02	4.397217504056910364e+00	1.835002980245132589e-04	3.853492956611225395e+01
7.110000000000000000e+02	4.415884584495380238e+00	1.836591754378287045e-04	3.805848804956010412e+01
7.150000000000000000e+02	4.434547249901624966e+00	1.838167204536620097e-04	3.759073715558359652e+01
7.190000000000000000e+02	4.453206334822061407e+00	1.839729520460017332e-04	3.713147080138939060e+01
7.200000000000000000e+02	4.457870641919290833e+00	1.840118069011580700e-04	3.701795635712124266e+01
7.240000000000000000e+02	4.476526385089679039e+00	1.841664227018319092e-04	3.656901516732947499e+01
7.280000000000000000e+02	4.495180330027130466e+00	1.843197661132742551e-04	3.612811685716312837e+01
7.320000000000000000e+02	4.513833226130433474e+00	1.844718546641299845e-04	3.569507443802840641e+01
7.330000000000000000e+02	4.518496371575040804e+00	1.845096827460298693e-04	3.558801992455023111e+01
7.370000000000000000e+02	4.537148970084259325e+00	1.846602267502003055e-04	3.516454269166098356e+01
7.410000000000000000e+02	4.555802108712445175e+00	1.848095538522289165e-04	3.474852024245636528e+01
7.450000000000000000e+02	4.574456449985432549e+00	1.849576802915294329e-04	3.433978260212302303e+01
7.460000000000000000e+02	4.579120298268514411e+00	1.849945261635183925e-04	3.423871698941442787e+01
7.500000000000000000e+02	4.597777033020858717e+00	1.851411740410252658e-04	3.383885371762653449e+01
7.540000000000000000e+02	4.616436361119403031e+00	1.852866564649814694e-04	3.344591032112548135e+01
7.580000000000000000e+02	4.635098855503422044e+00	1.854309885037158851e-04	3.305973201817852924e+01
7.590000000000000000e+02	4.639765038285929677e+00	1.854668935020280783e-04	3.296422676552963793e+01
7.630000000000000000e+02	4.658432253102885667e+00	1.856098082657832600e-04	3.258629377156835716e+01
7.670000000000000000e+02	4.677103819302203647e+00	1.857516053803689126e-04	3.221479327431642758e+01
7.710000000000000000e+02	4.695780216381426619e+00	1.858922988848968414e-04	3.184958408785022499e+01
7.720000000000000000e+02	4.700450123844025718e+00	1.859273014390720920e-04	3.175924863578866564e+01
7.760000000000000000e+02	4.719133188474049945e+00	1.860666347188357080e-04	3.140171096286885444e+01
7.800000000000000000e+02	4.737822053334888928e+00	1.862048948954759273e-04	3.105016097029847444e+01
7.840000000000000000e+02	4.756517099281209582e+00	1.863420950708914389e-04	3.070446966325486926e+01
7.850000000000000000e+02	4.761191868191445131e+00	1.863762309988684768e-04	3.061894747391410476e+01
7.890000000000000000e+02	4.779895127816115696e+00	1.865121241856908707e-04	3.028040343824554981e+01
7.930000000000000000e+02	4.798605308740186537e+00	1.866469858735429874e-04	2.994744045669260046e+01
7.970000000000000000e+02	4.817322686417348621e+00	1.867808283140282857e-04	2.961994048730363716e+01
7.980000000000000000e+02	4.822003184377911644e+00	1.868141310799222433e-04	2.953890555834857423e+01
8.020000000000000000e+02	4.840729893377448967e+00	1.869467163220291540e-04	2.921807313764985992e+01
8.060000000000000000e+02	4.859464293026628745e+00	1.870783090043772346e-04	2.890244947816130505e+01
8.100000000000000000e+02	4.878206544803427747e+00	1.872089206108519966e-04	2.859192639695054439e+01
8.120000000000000000e+02	4.887580655582238975e+00	1.872738620387531859e-04	2.843854454320760183e+01
8.150000000000000000e+02	4.901645587418941297e+00	1.873708226219038264e-04	2.821078500271396550e+01
8.190000000000000000e+02	4.920405902894839478e+00	1.874992676624474516e-04	2.791135721200166131e+01
8.230000000000000000e+02	4.939174333276977968e+00	1.876267674555496948e-04	2.761669752086138985e+01
8.260000000000000000e+02	4.953255980587233154e+00	1.877217783576262775e-04	2.739877353213781674e+01
8.280000000000000000e+02	4.962646272617300625e+00	1.877848290502678115e-04	2.725493091540327484e+01
8.320000000000000000e+02	4.981432882155253594e+00	1.879102404425385549e-04	2.697064953370943741e+01
8.360000000000000000e+02	5.000227436817375803e+00	1.880347402769776935e-04	2.669083081640890498e+01
8.400000000000000000e+02	5.019029790029804872e+00	1.881583385284433521e-04	2.641538581590471324e+01
8.410000000000000000e+02	5.023731575216362266e+00	1.881890983687600338e-04	2.634719775008637299e+01
8.450000000000000000e+02	5.042543398538981592e+00	1.883115833820806330e-04	2.607709822476354589e+01
8.490000000000000000e+02	5.061362515685308594e+00	1.884331885899612235e-04	2.581118038554577510e+01
8.530000000000000000e+02	5.080188620484333839e+00	1.885539233959672152e-04	2.554936233461244299e+01
8.550000000000000000e+02	5.089604183113052294e+00	1.886139672921571440e-04	2.541996569439225340e+01
8.580000000000000000e+02	5.103730525330240297e+00	1.887036319625613008e-04	2.522773361876652487e+01
8.620000000000000000e+02	5.122570954533628651e+00	1.888224419066252544e-04	2.497485108884974991e+01
8.660000000000000000e+02	5.141416998709162023e+00	1.889404109013229939e-04	2.472581591620183872e+01
8.700000000000000000e+02	5.160268111059790108e+00	1.890575476839678824e-04	2.448055444188247876e+01
8.710000000000000000e+02	5.164981611029876518e+00	1.890867028577561393e-04	2.441982025316663751e+01
8.750000000000000000e+02	5.183838193746329814e+00	1.892028114399133855e-04	2.417917504451787281e+01
8.790000000000000000e+02	5.202698380691770375e+00	1.893181069379184329e-04	2.394214427631424158e+01
8.830000000000000000e+02	5.221561411064397973e+00	1.894325976276472513e-04	2.370865992818654533e+01
8.850000000000000000e+02	5.230993735190987870e+00	1.894895437181267977e-04	2.359322685236145034e+01
8.880000000000000000e+02	5.245142921812207426e+00	1.895745916157855204e-04	2.359685563683045828e+01
8.920000000000000000e+02	5.264009190263949201e+00	1.896873010467370877e-04	2.371218528985985330e+01
8.960000000000000000e+02	5.282875315728545296e+00	1.897992316494822738e-04	2.382741609654444304e+01
9.000000000000000000e+02	5.301740208624914352e+00	1.899103911474076521e-04	2.394245120187341058e+01
9.010000000000000000e+02	5.306456103367417576e+00	1.899380614297445477e-04	2.397116761475177782e+01
9.050000000000000000e+02	5.325317790740406565e+00	1.900482677248372342e-04	2.408581497565086593e+01
9.090000000000000000e+02	5.344175470539727080e+00	1.901577198577908509e-04	2.420003231109089725e+01
9.130000000000000000e+02	5.363027756088809106e+00	1.902664251697158378e-04	2.431370860160652825e+01
9.170000000000000000e+02	5.381873160007071277e+00	1.903743908902294361e-04	2.442672895544180278e+01
9.180000000000000000e+02	5.386583251454227117e+00	1.904012675953815448e-04	2.445486774762494875e+01
9.220000000000000000e+02	5.405417800482696045e+00	1.905083188266421836e-04	2.456690126202524027e+01
9.260000000000000000e+02	5.424241727726704099e+00	1.906146463359749226e-04	2.467800801876481387e+01
9.330000000000000000e+02	5.457152410124086472e+00	1.907989986676844087e-04	2.486983831166445569e+01
9.490000000000000000e+02	5.532172863944882835e+00	1.912123239110761412e-04	2.529254397615684269e+01
9.650000000000000000e+02	5.606779021150663844e+00	1.916147807584700003e-04	2.568674894235013539e+01
9.820000000000000000e+02	5.685372361542261999e+00	1.920309198810087297e-04	2.606621723386856004e+01
1.000000000000000000e+03	5.767499911457966810e+00	1.924613471202232980e-04	2.641709658504840874e+01
