f	Passivity_index
1.000000000000000000e+00	-1.534499333011066918e-02
2.000000000000000000e+00	-1.586731429671416407e-02
3.000000000000000000e+00	-1.658729086367574310e-02
4.000000000000000000e+00	-1.715110727111534422e-02
5.000000000000000000e+00	-1.744796025719191554e-02
6.000000000000000000e+00	-1.748903900109024384e-02
7.000000000000000000e+00	-1.731922920220739515e-02
8.000000000000000000e+00	-1.698424383237302077e-02
9.000000000000000000e+00	-1.652240725261513651e-02
1.000000000000000000e+01	-1.596435118780551929e-02
1.100000000000000000e+01	-1.533449917452231991e-02
1.200000000000000000e+01	-1.465255305100293150e-02
1.300000000000000000e+01	-1.393461624738027982e-02
1.400000000000000000e+01	-1.319397808828217875e-02
1.500000000000000000e+01	-1.244165517013824142e-02
1.600000000000000000e+01	-1.168677426961638351e-02
1.700000000000000000e+01	-1.093685605885542575e-02
1.800000000000000000e+01	-1.019803722023625465e-02
1.900000000000000000e+01	-9.475253943162228326e-03
2.000000000000000000e+01	-8.772399753757206126e-03
2.100000000000000000e+01	-8.092465048402459199e-03
2.200000000000000000e+01	-7.437662333488188719e-03
2.300000000000000000e+01	-6.809539003863938553e-03
2.400000000000000000e+01	-6.209078943442350104e-03
2.500000000000000000e+01	-5.636793527486284872e-03
2.600000000000000000e+01	-5.092802518763981864e-03
2.700000000000000000e+01	-4.576905511055957138e-03
2.800000000000000000e+01	-4.088644305104796248e-03
2.900000000000000000e+01	-3.627357091402296212e-03
3.000000000000000000e+01	-3.192224921568137357e-03
3.100000000000000000e+01	-2.782311332037173349e-03
3.200000000000000000e+01	-2.396595744960965807e-03
3.300000000000000000e+01	-2.034001394656796951e-03
3.400000000000000000e+01	-1.693418481576560233e-03
3.500000000000000000e+01	-1.373723057639952795e-03
3.600000000000000000e+01	-1.286073313794030681e-03
3.700000000000000000e+01	-1.278297556572333214e-03
3.800000000000000000e+01	-1.291277246935805534e-03
3.900000000000000000e+01	-1.310724916021523698e-03
4.000000000000000000e+01	-1.316318116086077948e-03
4.100000000000000000e+01	-1.299286723520837183e-03
4.200000000000000000e+01	-1.252609363970646822e-03
4.300000000000000000e+01	-1.171986753772951903e-03
4.400000000000000000e+01	-1.059153127837268293e-03
4.500000000000000000e+01	-9.255752848797672242e-04
4.600000000000000000e+01	-7.884041074249675037e-04
4.700000000000000000e+01	-6.718747085288293962e-04
4.800000000000000000e+01	-6.689479535364620602e-04
4.900000000000000000e+01	-6.676683552039409724e-04
5.000000000000000000e+01	-5.526378381855235125e-04
5.100000000000000000e+01	-6.610177346434037990e-04
5.200000000000000000e+01	-6.610132777767116887e-04
5.300000000000000000e+01	-6.655872230712508520e-04
5.400000000000000000e+01	-6.825621507305186172e-04
5.500000000000000000e+01	-7.026906625758411531e-04
5.600000000000000000e+01	-7.250850943945196404e-04
5.700000000000000000e+01	-7.497105787875853536e-04
5.800000000000000000e+01	-7.779204179023931163e-04
5.900000000000000000e+01	-8.057695931232287164e-04
6.000000000000000000e+01	-8.327715590842752402e-04
6.100000000000000000e+01	-8.582778019728703372e-04
6.200000000000000000e+01	-8.815520788432826705e-04
6.300000000000000000e+01	-9.018504307034001842e-04
6.400000000000000000e+01	-9.185127284606739613e-04
6.500000000000000000e+01	-9.310352053543270549e-04
6.600000000000000000e+01	-9.391161562798791594e-04
6.700000000000000000e+01	-9.426698426104835942e-04
6.800000000000000000e+01	-9.418121484453333787e-04
6.900000000000000000e+01	-9.368256343089632811e-04
7.000000000000000000e+01	-9.281146733954227139e-04
7.100000000000000000e+01	-9.161530754451720909e-04
7.300000000000000000e+01	-8.844399185899752373e-04
7.400000000000000000e+01	-8.656719595879449518e-04
7.500000000000000000e+01	-8.704323727800515956e-04
7.700000000000000000e+01	-9.069633682837123338e-04
7.800000000000000000e+01	-9.229159877864845070e-04
7.900000000000000000e+01	-9.375240693988354376e-04
8.100000000000000000e+01	-9.630204382579598491e-04
8.200000000000000000e+01	-9.746759197444070880e-04
8.300000000000000000e+01	-9.866978375988534784e-04
8.400000000000000000e+01	-1.001690296151916100e-03
8.500000000000000000e+01	-1.019829923434859053e-03
8.700000000000000000e+01	-1.042856691070883452e-03
8.800000000000000000e+01	-1.042954486846267743e-03
9.000000000000000000e+01	-1.043609316009926589e-03
9.100000000000000000e+01	-1.048462768663863467e-03
9.300000000000000000e+01	-1.056888672262029649e-03
9.400000000000000000e+01	-1.060241872647464233e-03
9.500000000000000000e+01	-1.063066312540172659e-03
9.600000000000000000e+01	-1.065379325252488116e-03
9.800000000000000000e+01	-1.068512594211444133e-03
1.000000000000000000e+02	-1.204191401130733086e-03
1.010000000000000000e+02	-3.102892136078949648e-03
1.030000000000000000e+02	-5.617264972479107943e-03
1.040000000000000000e+02	-6.399233211847391023e-03
1.050000000000000000e+02	-6.961462587731434559e-03
1.070000000000000000e+02	-7.616257509530571790e-03
1.090000000000000000e+02	-7.857381932924761836e-03
1.100000000000000000e+02	-7.876807152741041596e-03
1.120000000000000000e+02	-7.782975566672054035e-03
1.130000000000000000e+02	-7.689080817646853916e-03
1.140000000000000000e+02	-7.573514636273370737e-03
1.160000000000000000e+02	-7.297977645519995726e-03
1.180000000000000000e+02	-6.988044904589776896e-03
1.200000000000000000e+02	-6.664096211570672001e-03
1.210000000000000000e+02	-6.501150402282343532e-03
1.230000000000000000e+02	-6.178991665190550209e-03
1.250000000000000000e+02	-5.866609311789797165e-03
1.270000000000000000e+02	-5.567286454118205996e-03
1.280000000000000000e+02	-5.422933777042802939e-03
1.290000000000000000e+02	-5.282112342360763269e-03
1.310000000000000000e+02	-5.010489733268265466e-03
1.340000000000000000e+02	-4.623413737524312284e-03
1.350000000000000000e+02	-4.498303090197580678e-03
1.360000000000000000e+02	-4.374405466932268505e-03
1.380000000000000000e+02	-4.128354326338901092e-03
1.410000000000000000e+02	-3.757735345858284615e-03
1.420000000000000000e+02	-3.632806354362402845e-03
1.430000000000000000e+02	-3.507134738426509468e-03
1.460000000000000000e+02	-3.128397677623254158e-03
1.480000000000000000e+02	-2.879625658951986966e-03
1.490000000000000000e+02	-2.758382145323187706e-03
1.510000000000000000e+02	-2.526357030877134091e-03
1.540000000000000000e+02	-2.210676622670805502e-03
1.550000000000000000e+02	-2.115583974420361113e-03
1.560000000000000000e+02	-2.025615775200322044e-03
1.590000000000000000e+02	-1.784379474507609420e-03
1.610000000000000000e+02	-1.644112063198553686e-03
1.620000000000000000e+02	-1.579002394718552471e-03
1.650000000000000000e+02	-1.399585240650876028e-03
1.670000000000000000e+02	-1.290503681302998529e-03
1.680000000000000000e+02	-1.238521031373375492e-03
1.710000000000000000e+02	-1.091363644571123614e-03
1.730000000000000000e+02	-9.998872822634258251e-04
1.740000000000000000e+02	-9.560165595347003276e-04
1.770000000000000000e+02	-8.316401319681497595e-04
1.790000000000000000e+02	-7.546305325329821789e-04
1.800000000000000000e+02	-7.178662879067689018e-04
1.830000000000000000e+02	-6.143884140693903206e-04
1.850000000000000000e+02	-5.509296343480102331e-04
1.860000000000000000e+02	-5.208041221838911883e-04
1.890000000000000000e+02	-4.365893582989784083e-04
1.910000000000000000e+02	-3.853487009485186132e-04
1.930000000000000000e+02	-3.378002407489893999e-04
1.960000000000000000e+02	-2.729540408206235225e-04
1.970000000000000000e+02	-2.529632165109776953e-04
1.990000000000000000e+02	-2.152665200714672100e-04
2.020000000000000000e+02	-1.640649213676022289e-04
2.030000000000000000e+02	-1.483273034059602591e-04
2.060000000000000000e+02	-1.159454045254416292e-04
2.080000000000000000e+02	-1.161104980542869110e-04
2.100000000000000000e+02	-1.160148776031026067e-04
2.130000000000000000e+02	-1.153980125618194185e-04
2.140000000000000000e+02	-1.150692845242445297e-04
2.170000000000000000e+02	-1.137535182874793472e-04
2.190000000000000000e+02	-1.126299495737918122e-04
2.210000000000000000e+02	-1.113227079737917765e-04
2.240000000000000000e+02	-1.090402219637098358e-04
2.250000000000000000e+02	-1.081994480527769399e-04
2.290000000000000000e+02	-1.044765140167456922e-04
2.300000000000000000e+02	-1.034631732953777852e-04
2.330000000000000000e+02	-1.002477067087064383e-04
2.350000000000000000e+02	-9.797161674076990546e-05
2.370000000000000000e+02	-9.560204139618497959e-05
2.400000000000000000e+02	-9.189473382824957476e-05
2.410000000000000000e+02	-9.062301836520324130e-05
2.450000000000000000e+02	-8.538546453295692425e-05
2.460000000000000000e+02	-8.404319038303215573e-05
2.500000000000000000e+02	-7.856704722451248997e-05
2.510000000000000000e+02	-7.717478849276213429e-05
2.540000000000000000e+02	-7.295278728747304998e-05
2.560000000000000000e+02	-7.010694401764397236e-05
2.590000000000000000e+02	-6.580605446391803517e-05
2.610000000000000000e+02	-6.292814236643303242e-05
2.630000000000000000e+02	-6.002499931853806230e-05
2.660000000000000000e+02	-5.557785023764579154e-05
2.680000000000000000e+02	-5.265651084106066747e-05
2.710000000000000000e+02	-4.828332542139590367e-05
2.720000000000000000e+02	-4.682725989752344205e-05
2.760000000000000000e+02	-4.101920140312562379e-05
2.770000000000000000e+02	-3.957274084775579587e-05
2.810000000000000000e+02	-3.381709282666765613e-05
2.820000000000000000e+02	-3.238689353012725984e-05
2.860000000000000000e+02	-2.670707993547227362e-05
2.870000000000000000e+02	-2.529826737910865150e-05
2.910000000000000000e+02	-1.971228564975542640e-05
2.920000000000000000e+02	-1.832879075708461350e-05
2.960000000000000000e+02	-1.285037687080770265e-05
2.970000000000000000e+02	-1.149517683075967980e-05
3.010000000000000000e+02	-6.134619844263717865e-06
3.020000000000000000e+02	-4.809908479208802353e-06
3.060000000000000000e+02	4.253113373823531282e-07
3.080000000000000000e+02	3.004037936337581516e-06
3.110000000000000000e+02	6.822601928407719223e-06
3.130000000000000000e+02	9.334927094452176262e-06
3.160000000000000000e+02	1.305286483897306269e-05
3.180000000000000000e+02	1.549759532397796788e-05
3.210000000000000000e+02	1.911364129535756461e-05
3.240000000000000000e+02	2.266832696049908097e-05
3.260000000000000000e+02	2.500403953003603686e-05
3.300000000000000000e+02	2.959390086346008877e-05
3.310000000000000000e+02	3.072443309199962677e-05
3.350000000000000000e+02	3.517924576382586507e-05
3.360000000000000000e+02	3.627619498056465594e-05
3.400000000000000000e+02	4.059761504418322406e-05
3.410000000000000000e+02	4.166149376657645381e-05
3.450000000000000000e+02	4.585179565843203555e-05
3.470000000000000000e+02	4.790818744144457743e-05
3.500000000000000000e+02	5.094495488999549693e-05
3.530000000000000000e+02	5.392504741108157404e-05
3.550000000000000000e+02	5.588069924780585069e-05
3.590000000000000000e+02	5.971856553876496096e-05
3.600000000000000000e+02	6.066292306931133163e-05
3.640000000000000000e+02	6.438091719203188168e-05
3.660000000000000000e+02	6.620472701327338619e-05
3.690000000000000000e+02	6.889722875868700247e-05
3.720000000000000000e+02	7.153870509601654494e-05
3.740000000000000000e+02	7.327180530448540593e-05
3.780000000000000000e+02	7.667233705361746574e-05
3.790000000000000000e+02	7.750899144446347791e-05
3.830000000000000000e+02	8.080272841059136883e-05
3.850000000000000000e+02	8.241835469287805103e-05
3.880000000000000000e+02	8.480357634681682372e-05
3.920000000000000000e+02	8.791395158387832823e-05
3.930000000000000000e+02	8.867927350602155113e-05
3.970000000000000000e+02	9.169248257210490497e-05
3.990000000000000000e+02	9.317070922327665519e-05
4.020000000000000000e+02	9.535332090240362859e-05
4.060000000000000000e+02	9.820000843358804457e-05
4.070000000000000000e+02	9.890056167147245306e-05
4.110000000000000000e+02	1.016592464492672949e-04
4.130000000000000000e+02	1.030129065875827921e-04
4.160000000000000000e+02	1.050119824052459942e-04
4.200000000000000000e+02	1.076200365751820408e-04
4.210000000000000000e+02	1.082294245969527002e-04
4.250000000000000000e+02	1.061865707259988800e-04
4.280000000000000000e+02	1.040867684495606904e-04
4.300000000000000000e+02	1.027220942869996184e-04
4.340000000000000000e+02	1.000738634983639602e-04
4.350000000000000000e+02	9.942818490222583849e-05
4.390000000000000000e+02	9.690842918682468499e-05
4.430000000000000000e+02	9.448552645082396173e-05
4.440000000000000000e+02	9.389435173720594996e-05
4.480000000000000000e+02	9.158564624658915854e-05
4.500000000000000000e+02	9.046390222338003551e-05
4.530000000000000000e+02	8.882052173779346471e-05
4.570000000000000000e+02	8.669988150520994974e-05
4.580000000000000000e+02	8.618190363287453470e-05
4.620000000000000000e+02	8.415694588683256261e-05
4.660000000000000000e+02	8.220441161316607848e-05
4.670000000000000000e+02	8.172718765172941324e-05
4.710000000000000000e+02	7.986038168102463364e-05
4.740000000000000000e+02	7.850308948199706538e-05
4.760000000000000000e+02	7.761790127414590346e-05
4.800000000000000000e+02	7.589310799565283927e-05
4.830000000000000000e+02	7.463803066458732371e-05
4.850000000000000000e+02	7.381902828925389348e-05
4.890000000000000000e+02	7.222210779756627064e-05
4.910000000000000000e+02	7.144357687582578165e-05
4.940000000000000000e+02	7.029986315782235651e-05
4.980000000000000000e+02	6.881838714768370724e-05
5.000000000000000000e+02	6.809567154498520625e-05
5.030000000000000000e+02	6.703339453136003545e-05
5.070000000000000000e+02	6.565640538741882026e-05
5.090000000000000000e+02	6.498424864582151572e-05
5.120000000000000000e+02	6.399578826444055069e-05
5.160000000000000000e+02	6.271359644521336263e-05
5.170000000000000000e+02	6.239925563972237299e-05
5.210000000000000000e+02	6.116595215921970252e-05
5.250000000000000000e+02	5.996996513861312106e-05
5.260000000000000000e+02	5.967662071536261603e-05
5.300000000000000000e+02	5.852516814242557375e-05
5.340000000000000000e+02	5.740774546678963086e-05
5.360000000000000000e+02	5.686137268514496190e-05
5.390000000000000000e+02	5.605678029981832344e-05
5.430000000000000000e+02	5.501111033867807365e-05
5.450000000000000000e+02	5.449955928334658528e-05
5.480000000000000000e+02	5.374592936256347708e-05
5.520000000000000000e+02	5.276592415225968280e-05
5.550000000000000000e+02	5.204895767017478359e-05
5.570000000000000000e+02	5.157932597095633842e-05
5.610000000000000000e+02	5.065953120071166327e-05
5.640000000000000000e+02	4.998624588031623517e-05
5.660000000000000000e+02	4.954505642285923772e-05
5.700000000000000000e+02	4.868057414108423187e-05
5.740000000000000000e+02	4.783923328851441559e-05
5.750000000000000000e+02	4.763241573550909547e-05
5.790000000000000000e+02	4.681883777593078000e-05
5.830000000000000000e+02	4.602658394132347341e-05
5.840000000000000000e+02	4.583176374704095446e-05
5.880000000000000000e+02	4.506511422053618987e-05
5.920000000000000000e+02	4.431814723372846931e-05
5.940000000000000000e+02	4.395183150064825572e-05
5.970000000000000000e+02	4.341108619488644182e-05
6.010000000000000000e+02	4.270596836521492468e-05
6.050000000000000000e+02	4.201843221144328788e-05
6.060000000000000000e+02	4.184922572416510667e-05
6.100000000000000000e+02	4.118284115731465911e-05
6.140000000000000000e+02	4.053274726932912242e-05
6.150000000000000000e+02	4.037270598035956615e-05
6.190000000000000000e+02	3.974222510500641237e-05
6.230000000000000000e+02	3.912686097184026740e-05
6.260000000000000000e+02	3.867496422125474981e-05
6.280000000000000000e+02	3.837817292164352051e-05
6.320000000000000000e+02	3.779506883182584542e-05
6.360000000000000000e+02	3.722556744001868922e-05
6.370000000000000000e+02	3.708526709246279945e-05
6.410000000000000000e+02	3.653217049293458474e-05
6.450000000000000000e+02	3.599173916408755086e-05
6.480000000000000000e+02	3.559449179194127538e-05
6.500000000000000000e+02	3.533341713974399306e-05
6.540000000000000000e+02	3.482007790916053641e-05
6.580000000000000000e+02	3.431818893071501841e-05
6.600000000000000000e+02	3.407143026796111834e-05
6.630000000000000000e+02	3.370640677271066754e-05
6.670000000000000000e+02	3.322904268731122213e-05
6.710000000000000000e+02	3.276205719481180278e-05
6.720000000000000000e+02	3.264689659536468280e-05
6.760000000000000000e+02	3.219245807068327886e-05
6.800000000000000000e+02	3.174772961940866556e-05
6.830000000000000000e+02	3.142038690372075255e-05
6.850000000000000000e+02	3.120504877736351990e-05
6.890000000000000000e+02	3.078116083256397101e-05
6.930000000000000000e+02	3.036611030920836896e-05
6.950000000000000000e+02	3.016182110140638861e-05
6.980000000000000000e+02	2.985934715740799078e-05
7.020000000000000000e+02	2.946328582504632865e-05
7.060000000000000000e+02	2.907528597099074547e-05
7.070000000000000000e+02	2.897951950962124323e-05
7.110000000000000000e+02	2.860128619585223381e-05
7.150000000000000000e+02	2.823062710390501079e-05
7.190000000000000000e+02	2.786733763095530780e-05
7.200000000000000000e+02	2.777764345299454235e-05
7.240000000000000000e+02	2.742328881487256925e-05
7.280000000000000000e+02	2.707586835865201380e-05
7.320000000000000000e+02	2.673519900331638305e-05
7.330000000000000000e+02	2.665106565036181457e-05
7.370000000000000000e+02	2.631858693188850878e-05
7.410000000000000000e+02	2.599246919455979604e-05
7.450000000000000000e+02	2.567254820801979920e-05
7.460000000000000000e+02	2.559351746764249036e-05
7.500000000000000000e+02	2.528111955945808176e-05
7.540000000000000000e+02	2.497456803083209637e-05
7.580000000000000000e+02	2.467371520901550513e-05
7.590000000000000000e+02	2.459937556971349831e-05
7.630000000000000000e+02	2.430544558513266645e-05
7.670000000000000000e+02	2.401689889934728595e-05
7.710000000000000000e+02	2.373360242371742174e-05
7.720000000000000000e+02	2.366358344973486239e-05
7.760000000000000000e+02	2.338666886333388290e-05
7.800000000000000000e+02	2.311471991684691668e-05
7.840000000000000000e+02	2.284761640218829076e-05
7.850000000000000000e+02	2.278158388554704650e-05
7.890000000000000000e+02	2.252037367655220640e-05
7.930000000000000000e+02	2.226375159907183904e-05
7.970000000000000000e+02	2.201160885024339153e-05
7.980000000000000000e+02	2.194926061820957897e-05
8.020000000000000000e+02	2.170256895595197577e-05
8.060000000000000000e+02	2.146012349755945653e-05
8.100000000000000000e+02	2.122182556387602892e-05
8.120000000000000000e+02	2.110420187259685193e-05
8.150000000000000000e+02	2.092963993019850144e-05
8.190000000000000000e+02	2.070032790149525098e-05
8.230000000000000000e+02	2.047486208512586808e-05
8.260000000000000000e+02	2.030823430768449733e-05
8.280000000000000000e+02	2.019830609211511335e-05
8.320000000000000000e+02	1.998117955449157934e-05
8.360000000000000000e+02	1.976762508619413911e-05
8.400000000000000000e+02	1.955756334197800844e-05
8.410000000000000000e+02	1.950558455791635143e-05
8.450000000000000000e+02	1.929978050984465510e-05
8.490000000000000000e+02	1.909729865165639418e-05
8.530000000000000000e+02	1.889806657602664114e-05
8.550000000000000000e+02	1.879964712385179954e-05
8.580000000000000000e+02	1.865348938796980438e-05
8.620000000000000000e+02	1.846131476096902341e-05
8.660000000000000000e+02	1.827216796938119225e-05
8.700000000000000000e+02	1.808598460484832360e-05
8.710000000000000000e+02	1.803989441640039409e-05
8.750000000000000000e+02	1.785732738295280758e-05
8.790000000000000000e+02	1.767758507760508468e-05
8.830000000000000000e+02	1.750060849590919648e-05
8.850000000000000000e+02	1.741313933816858450e-05
8.880000000000000000e+02	1.728318968507308595e-05
8.920000000000000000e+02	1.711222820206977080e-05
8.960000000000000000e+02	1.694385114028168493e-05
9.000000000000000000e+02	1.677800575830383500e-05
9.010000000000000000e+02	1.673693393677670727e-05
9.050000000000000000e+02	1.657418104741154030e-05
9.090000000000000000e+02	1.641384606019917480e-05
9.130000000000000000e+02	1.625588048620625614e-05
9.170000000000000000e+02	1.610023706100777163e-05
9.180000000000000000e+02	1.606168361509112408e-05
9.220000000000000000e+02	1.590887821476504038e-05
9.260000000000000000e+02	1.575829290316292652e-05
9.330000000000000000e+02	1.549998035481683911e-05
9.490000000000000000e+02	1.493339095643905767e-05
9.650000000000000000e+02	1.439795774857768884e-05
9.820000000000000000e+02	1.386065280938996586e-05
1.000000000000000000e+03	1.332440228402585747e-05
