f	Passivity_index
1.000000000000000000e+00	1.130778639253648016e-04
2.000000000000000000e+00	-7.779581454330540893e-04
3.000000000000000000e+00	-1.158083809313386345e-03
4.000000000000000000e+00	-1.530332938214443552e-03
5.000000000000000000e+00	-1.756911497295850005e-03
6.000000000000000000e+00	-1.869128774724880451e-03
7.000000000000000000e+00	-1.922607758308092973e-03
8.000000000000000000e+00	-1.956055240520929508e-03
9.000000000000000000e+00	-1.990902346594277273e-03
1.000000000000000000e+01	-2.032734356766312690e-03
1.100000000000000000e+01	-2.076842203361378269e-03
1.200000000000000000e+01	-2.115117619346749359e-03
1.300000000000000000e+01	-2.140791477595348647e-03
1.400000000000000000e+01	-2.150122407803164472e-03
1.500000000000000000e+01	-2.142133549067500291e-03
1.600000000000000000e+01	-2.117689775348172675e-03
1.700000000000000000e+01	-2.078627437217870407e-03
1.800000000000000000e+01	-2.027148268421300695e-03
1.900000000000000000e+01	-1.965435703354209262e-03
2.000000000000000000e+01	-1.895533397685570699e-03
2.100000000000000000e+01	-1.819214452478700329e-03
2.200000000000000000e+01	-1.737935027081563902e-03
2.300000000000000000e+01	-1.652834886511270369e-03
2.400000000000000000e+01	-1.564726960035342463e-03
2.500000000000000000e+01	-1.474097861841056588e-03
2.600000000000000000e+01	-1.381132969340567642e-03
2.700000000000000000e+01	-1.285794436071215421e-03
2.800000000000000000e+01	-1.187992059563512670e-03
2.900000000000000000e+01	-1.087895177816716394e-03
3.000000000000000000e+01	-9.864559621557598100e-04
3.100000000000000000e+01	-8.863054623298882327e-04
3.200000000000000000e+01	-7.933794907170778473e-04
3.300000000000000000e+01	-7.193943452574913695e-04
3.400000000000000000e+01	-6.811486729976750764e-04
3.500000000000000000e+01	-6.806773677264138555e-04
3.600000000000000000e+01	-6.767087375203648071e-04
3.700000000000000000e+01	-6.302278243065499068e-04
3.800000000000000000e+01	-5.543506871685388712e-04
3.900000000000000000e+01	-4.825202204827514765e-04
4.000000000000000000e+01	-4.300348758168336442e-04
4.100000000000000000e+01	-3.977095456319370355e-04
4.200000000000000000e+01	-3.798273411221622631e-04
4.300000000000000000e+01	-3.690195408533809059e-04
4.400000000000000000e+01	-3.597063615325959626e-04
4.500000000000000000e+01	-3.485296309732374004e-04
4.600000000000000000e+01	-3.347355650426862101e-04
4.700000000000000000e+01	-3.189594810207234225e-04
4.800000000000000000e+01	-3.021718001654596117e-04
4.900000000000000000e+01	-2.850792791449606586e-04
5.000000000000000000e+01	-2.293487030236348993e-04
5.100000000000000000e+01	-2.468686967814196940e-04
5.200000000000000000e+01	-2.337145605700904742e-04
5.300000000000000000e+01	-2.201471416993603530e-04
5.400000000000000000e+01	-2.073093058667609318e-04
5.500000000000000000e+01	-1.953947831596470708e-04
5.600000000000000000e+01	-1.844286479508560185e-04
5.700000000000000000e+01	-1.743746182456501579e-04
5.800000000000000000e+01	-1.651596281804662580e-04
5.900000000000000000e+01	-1.566821573952277124e-04
6.000000000000000000e+01	-1.488137959495885196e-04
6.100000000000000000e+01	-1.413925712749227977e-04
6.200000000000000000e+01	-1.342235082850273950e-04
6.300000000000000000e+01	-1.270648430937676529e-04
6.400000000000000000e+01	-1.196235489222948557e-04
6.500000000000000000e+01	-1.115472922350191234e-04
6.600000000000000000e+01	-1.024181877030583585e-04
6.700000000000000000e+01	-9.174919613880627885e-05
6.800000000000000000e+01	-7.898559916749908012e-05
6.900000000000000000e+01	-6.351592409463524915e-05
7.000000000000000000e+01	-4.469865321098756312e-05
7.100000000000000000e+01	-2.191200579804236063e-05
7.300000000000000000e+01	3.746883634366966732e-05
7.400000000000000000e+01	7.437759670107864005e-05
7.500000000000000000e+01	1.156721801054062966e-04
7.700000000000000000e+01	2.074485866153362998e-04
7.800000000000000000e+01	2.551130873225545778e-04
7.900000000000000000e+01	3.019096923395780279e-04
8.100000000000000000e+01	3.880134430244236107e-04
8.200000000000000000e+01	4.259757452369886967e-04
8.300000000000000000e+01	4.605305378268943046e-04
8.400000000000000000e+01	4.922230798756651845e-04
8.500000000000000000e+01	5.212374465255743524e-04
8.700000000000000000e+01	5.648393876921458875e-04
8.800000000000000000e+01	5.824063213209962255e-04
9.000000000000000000e+01	6.129683423917447072e-04
9.100000000000000000e+01	6.268772156268081520e-04
9.300000000000000000e+01	6.523604319900400345e-04
9.400000000000000000e+01	6.642479632056346893e-04
9.500000000000000000e+01	6.757605293575324936e-04
9.600000000000000000e+01	6.870182650873602262e-04
9.800000000000000000e+01	7.091519631977056095e-04
1.000000000000000000e+02	7.312747076777832006e-04
1.010000000000000000e+02	7.349858599672417971e-04
1.030000000000000000e+02	7.287040022138253090e-04
1.040000000000000000e+02	7.257945663208367803e-04
1.050000000000000000e+02	7.230261747627738994e-04
1.070000000000000000e+02	7.178728949097860738e-04
1.090000000000000000e+02	7.131649784612892774e-04
1.100000000000000000e+02	7.109532197848536820e-04
1.120000000000000000e+02	7.067642181793282533e-04
1.130000000000000000e+02	7.047669048314220358e-04
1.140000000000000000e+02	7.028209363652128481e-04
1.160000000000000000e+02	6.990424825082462278e-04
1.180000000000000000e+02	6.953476372433657366e-04
1.200000000000000000e+02	6.916555699776167580e-04
1.210000000000000000e+02	6.897857318594131839e-04
1.230000000000000000e+02	6.859505680230320972e-04
1.250000000000000000e+02	6.819286052464855735e-04
1.270000000000000000e+02	6.776569464591601817e-04
1.280000000000000000e+02	6.754116175993352816e-04
1.290000000000000000e+02	6.730871657349476317e-04
1.310000000000000000e+02	6.681914461396733272e-04
1.340000000000000000e+02	6.602449368601119931e-04
1.350000000000000000e+02	6.574532741758535789e-04
1.360000000000000000e+02	6.546035930703053432e-04
1.380000000000000000e+02	6.487751306271465589e-04
1.410000000000000000e+02	6.399013487923883208e-04
1.420000000000000000e+02	6.369579671050904076e-04
1.430000000000000000e+02	6.340379186011419312e-04
1.460000000000000000e+02	6.254496158327957096e-04
1.480000000000000000e+02	6.198228676324889826e-04
1.490000000000000000e+02	6.170019801396274973e-04
1.510000000000000000e+02	6.112450021568374865e-04
1.540000000000000000e+02	6.019622964337991051e-04
1.550000000000000000e+02	5.986005275907329507e-04
1.560000000000000000e+02	5.950704971668109274e-04
1.590000000000000000e+02	5.833270551958614656e-04
1.610000000000000000e+02	5.744564636178045103e-04
1.620000000000000000e+02	5.697022538356255345e-04
1.650000000000000000e+02	5.542118196695522674e-04
1.670000000000000000e+02	5.429436192350943491e-04
1.680000000000000000e+02	5.370622556682265415e-04
1.710000000000000000e+02	5.186386166578893335e-04
1.730000000000000000e+02	5.059580563260928070e-04
1.740000000000000000e+02	4.996014194446716117e-04
1.770000000000000000e+02	4.810615079150124245e-04
1.790000000000000000e+02	4.697921986075869372e-04
1.800000000000000000e+02	4.647160323798947188e-04
1.830000000000000000e+02	4.527517188465344784e-04
1.850000000000000000e+02	4.483079731616131992e-04
1.860000000000000000e+02	4.473418663886344175e-04
1.890000000000000000e+02	4.498043934128416834e-04
1.910000000000000000e+02	4.557553710459751029e-04
1.930000000000000000e+02	4.645934737276641541e-04
1.960000000000000000e+02	4.814951212297741276e-04
1.970000000000000000e+02	4.876409258556287768e-04
1.990000000000000000e+02	5.000401095193753292e-04
2.020000000000000000e+02	5.176002400673451308e-04
2.030000000000000000e+02	5.229227822023663468e-04
2.060000000000000000e+02	5.368268502144390129e-04
2.080000000000000000e+02	5.442796080987740781e-04
2.100000000000000000e+02	5.503221255948476803e-04
2.130000000000000000e+02	5.569992040016153757e-04
2.140000000000000000e+02	5.586608928374955539e-04
2.170000000000000000e+02	5.622161417633443755e-04
2.190000000000000000e+02	5.635697865576664222e-04
2.210000000000000000e+02	5.642561573402726056e-04
2.240000000000000000e+02	5.642647243466572841e-04
2.250000000000000000e+02	5.640402466882511257e-04
2.290000000000000000e+02	5.622485828126064450e-04
2.300000000000000000e+02	5.616145705237376214e-04
2.330000000000000000e+02	5.593637599768650805e-04
2.350000000000000000e+02	5.576213245142710388e-04
2.370000000000000000e+02	5.557234329436387763e-04
2.400000000000000000e+02	5.526422255195919319e-04
2.410000000000000000e+02	5.515635902254493843e-04
2.450000000000000000e+02	5.470499062653424744e-04
2.460000000000000000e+02	5.458807444544882875e-04
2.500000000000000000e+02	5.410850710491762680e-04
2.510000000000000000e+02	5.398623050161961137e-04
2.540000000000000000e+02	5.361524570256303657e-04
2.560000000000000000e+02	5.336525532953317712e-04
2.590000000000000000e+02	5.298759335979446846e-04
2.610000000000000000e+02	5.273466236717409220e-04
2.630000000000000000e+02	5.248121336327235282e-04
2.660000000000000000e+02	5.210066460779355819e-04
2.680000000000000000e+02	5.184712246323090138e-04
2.710000000000000000e+02	5.146751080619763876e-04
2.720000000000000000e+02	5.134123515910722114e-04
2.760000000000000000e+02	5.083785677606697268e-04
2.770000000000000000e+02	5.071250687864544858e-04
2.810000000000000000e+02	5.021338668417254462e-04
2.820000000000000000e+02	5.008921539373185818e-04
2.860000000000000000e+02	4.959514770459662152e-04
2.870000000000000000e+02	4.947230901279412157e-04
2.910000000000000000e+02	4.898378500046676916e-04
2.920000000000000000e+02	4.886237892120149544e-04
2.960000000000000000e+02	4.837975698007419660e-04
2.970000000000000000e+02	4.825987099301926389e-04
3.010000000000000000e+02	4.778354476505229545e-04
3.020000000000000000e+02	4.766529756269229350e-04
3.060000000000000000e+02	4.719588474939584444e-04
3.080000000000000000e+02	4.696347529711774574e-04
3.110000000000000000e+02	4.661805280734371499e-04
3.130000000000000000e+02	4.639011972555043186e-04
3.160000000000000000e+02	4.605222831014286317e-04
3.180000000000000000e+02	4.582999715460938576e-04
3.210000000000000000e+02	4.550196090892142612e-04
3.240000000000000000e+02	4.518145304934400100e-04
3.260000000000000000e+02	4.497274353355792433e-04
3.300000000000000000e+02	4.456984706654680399e-04
3.310000000000000000e+02	4.447264675513902337e-04
3.350000000000000000e+02	4.410094988560706204e-04
3.360000000000000000e+02	4.401287092258367216e-04
3.400000000000000000e+02	4.368372200283883911e-04
3.410000000000000000e+02	4.360790902720931557e-04
3.450000000000000000e+02	4.333482390243559301e-04
3.470000000000000000e+02	4.321837322798307863e-04
3.500000000000000000e+02	4.307180481575170012e-04
3.530000000000000000e+02	4.296157778222231874e-04
3.550000000000000000e+02	4.290928854779256876e-04
3.590000000000000000e+02	4.285626481963002990e-04
3.600000000000000000e+02	4.285352141436675499e-04
3.640000000000000000e+02	4.288125286449342923e-04
3.660000000000000000e+02	4.291574794055572420e-04
3.690000000000000000e+02	4.298774814360335132e-04
3.720000000000000000e+02	4.307682273810523477e-04
3.740000000000000000e+02	4.314133613294105223e-04
3.780000000000000000e+02	4.327090354507802578e-04
3.790000000000000000e+02	4.330163035508248189e-04
3.830000000000000000e+02	4.341011665715060965e-04
3.850000000000000000e+02	4.345291102700892969e-04
3.880000000000000000e+02	4.349961369308208425e-04
3.920000000000000000e+02	4.352634859059589388e-04
3.930000000000000000e+02	4.352655064842408873e-04
3.970000000000000000e+02	4.350219008061545576e-04
3.990000000000000000e+02	4.347568082715623202e-04
4.020000000000000000e+02	4.341963381684154450e-04
4.060000000000000000e+02	4.331804307538696629e-04
4.070000000000000000e+02	4.328842760108216991e-04
4.110000000000000000e+02	4.315563961016632283e-04
4.130000000000000000e+02	4.308176796421016633e-04
4.160000000000000000e+02	4.296327216775108239e-04
4.200000000000000000e+02	4.279365064294337251e-04
4.210000000000000000e+02	4.274955511751505634e-04
4.250000000000000000e+02	4.256790975459528569e-04
4.280000000000000000e+02	4.242734037933170018e-04
4.300000000000000000e+02	4.233211795817785330e-04
4.340000000000000000e+02	4.213915244023418811e-04
4.350000000000000000e+02	4.209053948502297789e-04
4.390000000000000000e+02	4.189526873000285726e-04
4.430000000000000000e+02	4.169955867270516833e-04
4.440000000000000000e+02	4.165067845565607494e-04
4.480000000000000000e+02	4.145572150968461185e-04
4.500000000000000000e+02	4.135872688922275853e-04
4.530000000000000000e+02	4.121403755729034194e-04
4.570000000000000000e+02	4.102291205808921326e-04
4.580000000000000000e+02	4.097549033633391779e-04
4.620000000000000000e+02	4.078738523772367213e-04
4.660000000000000000e+02	4.060199238269184777e-04
4.670000000000000000e+02	4.055609155876939453e-04
4.710000000000000000e+02	4.037435193348190457e-04
4.740000000000000000e+02	4.024005939747243008e-04
4.760000000000000000e+02	4.015151388488723077e-04
4.800000000000000000e+02	3.997682852605866349e-04
4.830000000000000000e+02	3.984795292276709956e-04
4.850000000000000000e+02	3.976306767128490595e-04
4.890000000000000000e+02	3.959580110957824613e-04
4.910000000000000000e+02	3.951343094575774577e-04
4.940000000000000000e+02	3.939146949427458017e-04
4.980000000000000000e+02	3.923185700563935896e-04
5.000000000000000000e+02	3.915335000452489214e-04
5.030000000000000000e+02	3.903723021989396417e-04
5.070000000000000000e+02	3.888550110558338909e-04
5.090000000000000000e+02	3.881098041790981843e-04
5.120000000000000000e+02	3.870090235895751792e-04
5.160000000000000000e+02	3.855735948152612304e-04
5.170000000000000000e+02	3.852205870028626330e-04
5.210000000000000000e+02	3.838323795440545176e-04
5.250000000000000000e+02	3.824830464707913301e-04
5.260000000000000000e+02	3.821519141379656355e-04
5.300000000000000000e+02	3.808527386203325858e-04
5.340000000000000000e+02	3.795950670791888699e-04
5.360000000000000000e+02	3.789822025865752664e-04
5.390000000000000000e+02	3.780833425817529828e-04
5.430000000000000000e+02	3.769239001201614403e-04
5.450000000000000000e+02	3.761999003521390023e-04
5.480000000000000000e+02	3.750360009586822222e-04
5.520000000000000000e+02	3.734755964651670910e-04
5.550000000000000000e+02	3.722985943154244752e-04
5.570000000000000000e+02	3.715107273890007832e-04
5.610000000000000000e+02	3.699276348085124891e-04
5.640000000000000000e+02	3.687344525237376222e-04
5.660000000000000000e+02	3.679366162578903351e-04
5.700000000000000000e+02	3.641719100227754991e-04
5.740000000000000000e+02	3.599165724223721990e-04
5.750000000000000000e+02	3.588649396800723318e-04
5.790000000000000000e+02	3.547063142378639625e-04
5.830000000000000000e+02	3.506229326199992720e-04
5.840000000000000000e+02	3.496136287926973553e-04
5.880000000000000000e+02	3.456217404364020818e-04
5.920000000000000000e+02	3.417010657305856068e-04
5.940000000000000000e+02	3.397668994105207505e-04
5.970000000000000000e+02	3.368977777434919063e-04
6.010000000000000000e+02	3.331311872807469739e-04
6.050000000000000000e+02	3.294304632090737134e-04
6.060000000000000000e+02	3.285153921638972029e-04
6.100000000000000000e+02	3.248948389185293134e-04
6.140000000000000000e+02	3.213367482074544631e-04
6.150000000000000000e+02	3.204568155431277094e-04
6.190000000000000000e+02	3.169747821852118147e-04
6.230000000000000000e+02	3.135520292883016381e-04
6.260000000000000000e+02	3.110230552596729295e-04
6.280000000000000000e+02	3.093549020065770893e-04
6.320000000000000000e+02	3.060606620699328202e-04
6.360000000000000000e+02	3.028214631327640115e-04
6.370000000000000000e+02	3.020201191232860629e-04
6.410000000000000000e+02	2.988480015993098186e-04
6.450000000000000000e+02	2.957282154787182950e-04
6.480000000000000000e+02	2.934220257159215225e-04
6.500000000000000000e+02	2.919003258903658479e-04
6.540000000000000000e+02	2.888941317587045759e-04
6.580000000000000000e+02	2.859366492911945214e-04
6.600000000000000000e+02	2.844758460223378686e-04
6.630000000000000000e+02	2.823067018312803923e-04
6.670000000000000000e+02	2.794550293847847667e-04
6.710000000000000000e+02	2.766487634860538363e-04
6.720000000000000000e+02	2.759541788496952747e-04
6.760000000000000000e+02	2.732033258395082814e-04
6.800000000000000000e+02	2.704957582379605824e-04
6.830000000000000000e+02	2.684929450978199949e-04
6.850000000000000000e+02	2.671707970771861605e-04
6.890000000000000000e+02	2.645573603638496090e-04
6.930000000000000000e+02	2.619843642108583490e-04
6.950000000000000000e+02	2.607127721157374693e-04
6.980000000000000000e+02	2.588237310045619346e-04
7.020000000000000000e+02	2.563387358311995179e-04
7.060000000000000000e+02	2.538915718529143181e-04
7.070000000000000000e+02	2.532856025867939514e-04
7.110000000000000000e+02	2.508846623013146404e-04
7.150000000000000000e+02	2.485198723339592962e-04
7.190000000000000000e+02	2.461905164204506997e-04
7.200000000000000000e+02	2.456136318010968401e-04
7.240000000000000000e+02	2.433275887468087885e-04
7.280000000000000000e+02	2.410754335316347638e-04
7.320000000000000000e+02	2.388565067915503399e-04
7.330000000000000000e+02	2.383068913543658106e-04
7.370000000000000000e+02	2.361285978641952980e-04
7.410000000000000000e+02	2.339821084097457905e-04
7.450000000000000000e+02	2.318668150782460594e-04
7.460000000000000000e+02	2.313427963174982649e-04
7.500000000000000000e+02	2.292656658150184158e-04
7.540000000000000000e+02	2.272184172805922738e-04
7.580000000000000000e+02	2.252004893841053144e-04
7.590000000000000000e+02	2.247005242731462315e-04
7.630000000000000000e+02	2.227184783763456208e-04
7.670000000000000000e+02	2.207645388918273233e-04
7.710000000000000000e+02	2.188381868652358579e-04
7.720000000000000000e+02	2.183608497521348577e-04
7.760000000000000000e+02	2.164682708574510665e-04
7.800000000000000000e+02	2.146021559314536110e-04
7.840000000000000000e+02	2.127620244694545051e-04
7.850000000000000000e+02	2.123059962785349116e-04
7.890000000000000000e+02	2.104976853450101003e-04
7.930000000000000000e+02	2.087143169160264155e-04
7.970000000000000000e+02	2.069554454744525055e-04
7.980000000000000000e+02	2.065195040257035040e-04
8.020000000000000000e+02	2.047906427321988937e-04
8.060000000000000000e+02	2.030853126385831107e-04
8.100000000000000000e+02	2.014031001413000470e-04
8.120000000000000000e+02	2.005705362800657505e-04
8.150000000000000000e+02	1.993322285060066868e-04
8.190000000000000000e+02	1.977005658882063650e-04
8.230000000000000000e+02	1.960907392714923312e-04
8.260000000000000000e+02	1.948974727067359517e-04
8.280000000000000000e+02	1.941085909015449447e-04
8.320000000000000000e+02	1.925465332039193948e-04
8.360000000000000000e+02	1.910051194369291833e-04
8.400000000000000000e+02	1.894839996697896846e-04
8.410000000000000000e+02	1.891068503879303768e-04
8.450000000000000000e+02	1.876106175525579746e-04
8.490000000000000000e+02	1.861339187785624285e-04
8.530000000000000000e+02	1.846764280668241936e-04
8.550000000000000000e+02	1.839547857749368248e-04
8.580000000000000000e+02	1.828810906613443981e-04
8.620000000000000000e+02	1.814656620193576936e-04
8.660000000000000000e+02	1.800684292510756001e-04
8.700000000000000000e+02	1.786890948449199187e-04
8.710000000000000000e+02	1.783470235949423301e-04
8.750000000000000000e+02	1.769896533107267881e-04
8.790000000000000000e+02	1.756495347135283633e-04
8.830000000000000000e+02	1.743263901391001007e-04
8.850000000000000000e+02	1.736710979283324875e-04
8.880000000000000000e+02	1.726959154990386381e-04
8.920000000000000000e+02	1.714099770562069354e-04
8.960000000000000000e+02	1.701401495239485552e-04
9.000000000000000000e+02	1.688861789090242147e-04
9.010000000000000000e+02	1.685751346352010367e-04
9.050000000000000000e+02	1.673406359276794733e-04
9.090000000000000000e+02	1.661214415403065457e-04
9.130000000000000000e+02	1.649173139732129276e-04
9.170000000000000000e+02	1.637280205516523414e-04
9.180000000000000000e+02	1.634329882130710287e-04
9.220000000000000000e+02	1.622619174080850704e-04
9.260000000000000000e+02	1.611051742255387100e-04
9.330000000000000000e+02	1.591146967787284870e-04
9.490000000000000000e+02	1.547212799990723201e-04
9.650000000000000000e+02	1.505349530733916027e-04
9.820000000000000000e+02	1.463006521089562761e-04
1.000000000000000000e+03	1.420429543503536464e-04
