f	min_s_G1	min_s_G2	min_s_G1G2
1.000000000000000000e+00	5.083559966792035034e-01	1.100286559094875013e-03	7.139552992587597146e+03
2.000000000000000000e+00	4.986081017751127775e-01	1.882891620762961035e-03	7.439030745626580938e+03
3.000000000000000000e+00	4.888016692428324705e-01	1.883653560982033936e-03	7.758083464558325431e+03
4.000000000000000000e+00	4.789700245832986258e-01	1.884219617503976249e-03	8.098197451171275134e+03
5.000000000000000000e+00	4.691200643842298734e-01	1.884839466523171572e-03	8.461211373734553490e+03
6.000000000000000000e+00	4.592542376239586721e-01	1.885566445654664192e-03	8.849204117895442323e+03
7.000000000000000000e+00	4.493737357418970402e-01	1.886429348451616533e-03	9.264506501939211375e+03
8.000000000000000000e+00	4.394792954450116307e-01	1.887460305795356360e-03	9.709733059210801002e+03
9.000000000000000000e+00	4.295714685849725267e-01	1.888696181475519329e-03	1.018782296695594778e+04
1.000000000000000000e+01	4.196507319847638251e-01	1.853311806124170518e-03	1.070208847098588012e+04
1.100000000000000000e+01	4.097175391914774645e-01	1.591186011840834812e-03	1.125627152486945488e+04
1.200000000000000000e+01	3.997723482402187334e-01	1.363529155907140973e-03	1.185461076982960003e+04
1.300000000000000000e+01	3.898156385828401849e-01	1.162796827266403396e-03	1.250192164888172374e+04
1.400000000000000000e+01	3.798479228830825005e-01	9.835877499526659001e-04	1.320369271010610464e+04
1.500000000000000000e+01	3.698697563836584878e-01	8.220044420699548467e-04	1.396620161198712958e+04
1.600000000000000000e+01	3.598817452868585121e-01	6.752866821178931875e-04	1.479665524097534217e+04
1.700000000000000000e+01	3.498845549788296427e-01	5.416669972620064824e-04	1.570335965284572740e+04
1.800000000000000000e+01	3.398789186948759644e-01	4.205161138372400464e-04	3.998501714983116108e+04
1.900000000000000000e+01	3.298656470901530358e-01	3.131262660322326440e-04	1.778553078301342975e+04
2.000000000000000000e+01	3.198456391431638846e-01	2.253136300427769994e-04	1.898521672210475663e+04
2.100000000000000000e+01	3.098198949757448029e-01	1.736138961233754348e-04	2.031029428199280301e+04
2.200000000000000000e+01	2.997895311258353401e-01	1.799560937522521600e-04	2.177882178114838462e+04
2.300000000000000000e+01	2.897557990925588300e-01	2.334361210921666004e-04	2.341221905635924850e+04
2.400000000000000000e+01	2.797201081651548016e-01	3.066976379850253585e-04	2.523604461352209546e+04
2.500000000000000000e+01	2.696840538825667211e-01	3.862028677281355879e-04	2.728099001278209835e+04
2.600000000000000000e+01	2.596494539359356368e-01	4.670875082829949393e-04	2.958416352355717390e+04
2.700000000000000000e+01	2.496183939648547456e-01	5.475458514644107816e-04	3.219076304048027669e+04
2.800000000000000000e+01	2.395932865826584379e-01	6.268717904390078491e-04	3.515627875553687772e+04
2.900000000000000000e+01	2.295769481978563453e-01	7.047974883275317940e-04	3.854942562780396111e+04
3.000000000000000000e+01	2.195726999293261539e-01	7.812452333488054124e-04	4.245609457211957488e+04
3.100000000000000000e+01	2.095845013506699439e-01	8.562239986190733161e-04	4.698474606311832031e+04
3.200000000000000000e+01	1.996171292739314929e-01	8.955244520433531348e-04	5.227387747645121271e+04
3.300000000000000000e+01	1.896764187975713833e-01	8.896831086376639141e-04	5.850251935400476214e+04
3.400000000000000000e+01	1.797695911733164509e-01	8.864283405627479016e-04	6.590522573144549096e+04
3.500000000000000000e+01	1.699057039795628665e-01	8.856471480860698140e-04	7.479386426735681016e+04
3.600000000000000000e+01	1.600962757494687749e-01	8.871030151629902012e-04	8.559010220689544803e+04
3.700000000000000000e+01	1.503561633275665443e-01	8.909995579686524675e-04	9.887526111043659330e+04
3.800000000000000000e+01	1.407048125566889574e-01	8.973211268598793415e-04	1.154680764026680990e+05
3.900000000000000000e+01	1.311680742351861995e-01	9.050330664236738189e-04	1.365493910723667359e+05
4.000000000000000000e+01	1.217809030454123781e-01	9.121330614356693532e-04	1.638701901784482761e+05
4.100000000000000000e+01	1.125914904777229608e-01	9.154854757471563584e-04	2.001119470532422711e+05
4.200000000000000000e+01	1.036678404294324174e-01	9.107712999356646277e-04	2.495383510611145175e+05
4.300000000000000000e+01	9.510874635921420794e-02	8.933522240548032829e-04	3.192354145173683646e+05
4.400000000000000000e+01	8.706320150821349191e-02	8.605054854902593380e-04	4.216138598318930599e+05
4.500000000000000000e+01	7.976689192033049880e-02	8.139945930642940308e-04	5.798170869047835004e+05
4.600000000000000000e+01	7.361404672492538603e-02	7.599553723634903946e-04	8.404380839950020891e+05
4.700000000000000000e+01	6.929467469968059179e-02	7.051539151921242627e-04	1.307486163499420974e+06
4.800000000000000000e+01	6.794535093537230896e-02	6.539084224335493236e-04	2.263101421710701194e+06
4.900000000000000000e+01	6.942773613129699095e-02	6.078285380987311906e-04	5.041591505032335408e+06
5.000000000000000000e+01	8.352069193268760183e-02	5.668603951472804331e-04	2.527133237039328739e+07
5.100000000000000000e+01	6.942928911606660591e-02	5.302556510568208524e-04	5.041583308269922622e+06
5.200000000000000000e+01	6.794610937361156289e-02	4.971311410128481482e-04	2.263101062598071992e+06
5.300000000000000000e+01	6.929410407330219290e-02	4.667260620019438792e-04	1.307486236013561022e+06
5.400000000000000000e+01	7.361268383529669113e-02	4.384940638399796283e-04	8.404382067718985491e+05
5.500000000000000000e+01	7.976505738849923310e-02	4.121219827875155332e-04	5.798172158161649713e+05
5.600000000000000000e+01	8.706107079929795156e-02	3.875178118609234152e-04	4.216139848631051136e+05
5.700000000000000000e+01	9.510642025071779082e-02	3.647848854302708195e-04	3.192355261460294714e+05
5.800000000000000000e+01	1.036653806734110783e-01	3.441856406690081867e-04	2.495384350411239720e+05
5.900000000000000000e+01	1.125889372352622403e-01	3.260924077271988943e-04	2.001119823184478155e+05
6.000000000000000000e+01	1.217782838088323494e-01	3.109202048992822857e-04	1.638701457195835246e+05
6.100000000000000000e+01	1.311654086988593981e-01	2.990548172413768800e-04	1.365492249815511750e+05
6.200000000000000000e+01	1.407021154514700723e-01	2.907496671011186801e-04	1.154677470612221223e+05
6.300000000000000000e+01	1.503534461677097367e-01	2.860729787012315025e-04	9.887477847926654795e+04
6.400000000000000000e+01	1.600935479652025040e-01	2.848674762023779947e-04	8.558963293223785877e+04
6.500000000000000000e+01	1.699029736845284744e-01	2.867716289941836245e-04	7.479371806349034887e+04
6.600000000000000000e+01	1.797668657079750654e-01	2.912817345441605279e-04	6.590557921749903471e+04
6.700000000000000000e+01	1.896737051304870358e-01	2.978318737610330109e-04	5.850332689503052825e+04
6.800000000000000000e+01	1.996144343139956978e-01	3.058659138710425880e-04	5.227503528224882757e+04
6.900000000000000000e+01	2.095818322023858538e-01	3.148867043682222300e-04	4.698618443842049601e+04
7.000000000000000000e+01	2.195700641152484034e-01	3.244803978180798394e-04	4.245778499664132687e+04
7.100000000000000000e+01	2.295743538644277326e-01	3.343215282733003209e-04	3.855136963678972825e+04
7.300000000000000000e+01	2.496159105491014829e-01	3.538387752115201216e-04	3.219330368649660886e+04
7.400000000000000000e+01	2.596470422597526029e-01	3.632206786523696886e-04	2.958708533190621165e+04
7.500000000000000000e+01	2.696817267450806743e-01	3.721860032152084718e-04	2.728437585103674792e+04
7.700000000000000000e+01	2.897536870681061139e-01	3.850333844362583921e-04	2.341691472380598861e+04
7.800000000000000000e+01	2.997875544506600765e-01	3.655847516096063284e-04	2.178444993723946754e+04
7.900000000000000000e+01	3.098180761655451310e-01	3.464416887075726461e-04	2.031712707933583806e+04
8.100000000000000000e+01	3.298642274347193815e-01	3.094782540915519647e-04	1.779597944945471318e+04
8.200000000000000000e+01	3.398777505217397410e-01	2.918695068590128707e-04	4.006190133692621021e+04
8.300000000000000000e+01	3.498836817010078648e-01	2.749846329369637810e-04	1.571977997870368563e+04
8.400000000000000000e+01	3.598812190214319418e-01	2.588825965629718115e-04	1.481697507017184216e+04
8.500000000000000000e+01	3.698696402727117971e-01	2.434906163166452762e-04	1.399051218801429786e+04
8.700000000000000000e+01	3.898165933263974536e-01	2.138660995088077711e-04	1.253040004612196390e+04
8.800000000000000000e+01	3.997740070018168668e-01	1.993664290038211573e-04	1.188168279318735949e+04
9.000000000000000000e+01	4.196543092922802032e-01	1.717667885116916588e-04	1.072219461797982149e+04
9.100000000000000000e+01	4.295763759814538174e-01	1.589483831785109852e-04	1.020436275473409114e+04
9.300000000000000000e+01	4.493825814166193533e-01	1.353260267571367742e-04	9.275641021398470912e+03
9.400000000000000000e+01	4.592661205345553443e-01	1.244473047381848508e-04	8.858445008960654377e+03
9.500000000000000000e+01	4.691362683820043400e-01	1.141415253445929317e-04	8.468955869122079093e+03
9.600000000000000000e+01	4.789927976088101946e-01	1.043800308802043995e-04	8.104738873813192185e+03
9.800000000000000000e+01	4.986642121907453595e-01	8.640669876855366601e-05	7.443676050578552349e+03
1.000000000000000000e+02	5.182790035033167930e-01	7.054925418525425718e-05	6.860527311536278830e+03
1.010000000000000000e+02	5.280648251848739649e-01	6.317656004233513170e-05	6.594366736226197645e+03
1.030000000000000000e+02	5.475927855235285246e-01	5.026892878927355954e-05	6.106553940728254020e+03
1.040000000000000000e+02	5.573347535077604054e-01	4.469744704971495076e-05	5.882719510806204198e+03
1.050000000000000000e+02	5.670619542144004210e-01	3.981530206662107618e-05	5.670978824891776640e+03
1.070000000000000000e+02	5.864718440776722774e-01	3.259493993266168504e-05	5.280422306487575042e+03
1.090000000000000000e+02	6.058221334919097201e-01	2.962119491963698670e-05	4.928877093843678267e+03
1.100000000000000000e+02	6.154748659101153541e-01	2.985433576205152301e-05	4.766127910919140049e+03
1.120000000000000000e+02	6.347354467565096137e-01	3.315461250637249333e-05	4.463913267407478997e+03
1.130000000000000000e+02	6.443432904453754162e-01	3.581271660903789263e-05	4.323472965796158860e+03
1.140000000000000000e+02	6.539361756678992998e-01	3.889261884546524193e-05	4.189557089829439064e+03
1.160000000000000000e+02	6.730771173866880730e-01	4.580094617854220878e-05	3.939735882721453436e+03
1.180000000000000000e+02	6.921584053558866856e-01	5.317578424872401120e-05	3.711608044441590209e+03
1.200000000000000000e+02	7.111802278331955662e-01	6.066603534230536764e-05	3.502732214711503275e+03
1.210000000000000000e+02	7.206689103631124249e-01	6.439461522797898833e-05	3.404843835949682671e+03
1.230000000000000000e+02	7.396019785960945558e-01	7.174718590808507165e-05	3.220984915010131772e+03
1.250000000000000000e+02	7.584762177476834788e-01	7.889354312814824180e-05	3.051622921935124850e+03
1.270000000000000000e+02	7.772919247457731329e-01	8.576480003601535560e-05	2.895273173861759460e+03
1.280000000000000000e+02	7.866779252595130778e-01	8.907539055661312924e-05	2.821565384995655677e+03
1.290000000000000000e+02	7.960494097446334516e-01	9.228963202073588732e-05	2.750636333437801113e+03
1.310000000000000000e+02	8.147489903025503244e-01	9.838409907045944918e-05	2.616571234937397094e+03
1.340000000000000000e+02	8.426904900752418826e-01	1.064904789394705128e-04	2.433128059374193072e+03
1.350000000000000000e+02	8.519757166680632654e-01	1.088538349919542105e-04	2.376250163274608894e+03
1.360000000000000000e+02	8.612467052341897800e-01	1.110194213044160116e-04	2.321343012614176587e+03
1.380000000000000000e+02	8.797461216712633147e-01	1.146860684049209346e-04	2.217085555146407387e+03
1.410000000000000000e+02	9.073894033869749354e-01	1.182783342676485490e-04	2.073384840416724728e+03
1.420000000000000000e+02	9.165757498129097902e-01	1.189158975760788603e-04	2.028575823721789448e+03
1.430000000000000000e+02	9.257481134864220529e-01	1.192626356631666868e-04	1.985202255636959990e+03
1.460000000000000000e+02	9.531816363276821580e-01	1.186006187732955376e-04	1.863101639918044839e+03
1.480000000000000000e+02	9.714013233200974318e-01	1.168990230661473605e-04	1.787844860977216058e+03
1.490000000000000000e+02	9.804904568138840260e-01	1.157511437266919082e-04	1.751911992040522364e+03
1.510000000000000000e+02	9.986274412471277673e-01	1.130720393519352347e-04	1.683215823265077233e+03
1.540000000000000000e+02	1.025730093323854009e+00	1.086923303259220607e-04	1.587495045154999843e+03
1.550000000000000000e+02	1.034736985456077063e+00	1.073018624434372311e-04	1.557394243769384957e+03
1.560000000000000000e+02	1.043730251441949086e+00	1.060013694846720150e-04	1.528140351315431190e+03
1.590000000000000000e+02	1.070628491153747364e+00	1.028412852101165918e-04	1.445153585342802216e+03
1.610000000000000000e+02	1.088492867065464109e+00	1.014363173890428863e-04	1.393525233165193640e+03
1.620000000000000000e+02	1.097404769150919002e+00	1.009400560729110637e-04	1.368741497632339588e+03
1.650000000000000000e+02	1.124059503709698093e+00	1.001649189479559638e-04	1.298228347738018556e+03
1.670000000000000000e+02	1.141761975405087171e+00	1.001260173794481646e-04	1.254201337787692637e+03
1.680000000000000000e+02	1.150593038800107326e+00	1.002154714668686942e-04	1.233022122524235783e+03
1.710000000000000000e+02	1.177005648549742878e+00	1.008051053357784921e-04	1.172602825038327410e+03
1.730000000000000000e+02	1.194546980150795745e+00	1.013928217496883635e-04	1.134754286768867814e+03
1.740000000000000000e+02	1.203297542211829274e+00	1.017285166399543953e-04	1.116512560493659066e+03
1.770000000000000000e+02	1.229468869470655479e+00	1.028587284261832737e-04	1.064347013412677370e+03
1.790000000000000000e+02	1.246849488919190341e+00	1.036893826686800579e-04	1.031571857686091334e+03
1.800000000000000000e+02	1.255519725950703380e+00	1.041223509736053526e-04	1.015748136323078256e+03
1.830000000000000000e+02	1.281450158819247065e+00	1.054768910278426727e-04	9.703979191740251053e+02
1.850000000000000000e+02	1.298670215786223991e+00	1.064170032080883032e-04	9.418280803633981577e+02
1.860000000000000000e+02	1.307260172394157038e+00	1.068959404129142879e-04	9.280131009348422140e+02
1.890000000000000000e+02	1.332949733686537908e+00	1.083610374623909383e-04	8.883406815217366557e+02
1.910000000000000000e+02	1.350009159062360187e+00	1.093560994885640490e-04	8.632864233828427132e+02
1.930000000000000000e+02	1.367014995797316113e+00	1.103614518694850900e-04	8.392752230653593415e+02
1.960000000000000000e+02	1.392423204184140895e+00	1.118814935716115416e-04	8.050903327252568715e+02
1.970000000000000000e+02	1.400865777041737426e+00	1.123898543909287854e-04	7.941574871735926990e+02
1.990000000000000000e+02	1.417710649199964479e+00	1.134070047165022067e-04	7.729480227142704507e+02
2.020000000000000000e+02	1.442877196498489889e+00	1.149290771889451874e-04	7.426887945125190527e+02
2.030000000000000000e+02	1.451239154600150405e+00	1.154342973234886847e-04	7.329955133641448128e+02
2.060000000000000000e+02	1.476244278158701961e+00	1.169398686665292647e-04	7.050250871147439966e+02
2.080000000000000000e+02	1.492847011535249901e+00	1.179328328466961172e-04	6.872562029073874328e+02
2.100000000000000000e+02	1.509395812477362320e+00	1.189154668626785034e-04	6.701491088333964399e+02
2.130000000000000000e+02	1.534117791489537863e+00	1.203703190995892962e-04	6.456588772677132511e+02
2.140000000000000000e+02	1.542331436261176636e+00	1.208510737846219929e-04	6.377924504489417359e+02
2.170000000000000000e+02	1.566891250453264162e+00	1.222775403666385150e-04	6.150347179523032537e+02
2.190000000000000000e+02	1.583196808347974827e+00	1.232100053770361181e-04	6.005312237040528771e+02
2.210000000000000000e+02	1.599448199455406172e+00	1.241262930173237943e-04	5.865334140132916900e+02
2.240000000000000000e+02	1.623723644968774193e+00	1.254711294479295266e-04	5.664343997074712433e+02
2.250000000000000000e+02	1.631788339369214746e+00	1.259116356521613404e-04	5.599632365920710981e+02
2.290000000000000000e+02	1.663911417107146962e+00	1.276352003136245678e-04	5.351536246229223934e+02
2.300000000000000000e+02	1.671908246124281572e+00	1.280565485424921453e-04	5.292081109947066579e+02
2.330000000000000000e+02	1.695817235627709030e+00	1.292979852820144021e-04	5.119524361076232140e+02
2.350000000000000000e+02	1.711688628610205321e+00	1.301069758384986342e-04	5.009119107190488762e+02
2.370000000000000000e+02	1.727505662691013466e+00	1.309012193459841377e-04	4.902236123290644514e+02
2.400000000000000000e+02	1.751129280925458387e+00	1.320650441142586905e-04	4.748193796591780824e+02
2.410000000000000000e+02	1.758976638437390383e+00	1.324456221466626348e-04	4.698451802072568739e+02
2.450000000000000000e+02	1.790230181862123349e+00	1.339307545757219069e-04	4.507075378329216164e+02
2.460000000000000000e+02	1.798009604102539960e+00	1.342926834849246032e-04	4.461052130427438556e+02
2.500000000000000000e+02	1.828991512701035882e+00	1.357030426712446962e-04	4.283809053262506268e+02
2.510000000000000000e+02	1.836703061524878722e+00	1.360463939753740173e-04	4.241142975673830051e+02
2.540000000000000000e+02	1.859756346687729600e+00	1.370547929154756074e-04	4.116886970614434631e+02
2.560000000000000000e+02	1.875057453247651607e+00	1.377093974421647019e-04	4.037047740018917352e+02
2.590000000000000000e+02	1.897907606360978550e+00	1.386653840815510431e-04	3.921558098251256865e+02
2.610000000000000000e+02	1.913073450845410362e+00	1.392853049067750725e-04	3.847285993140540086e+02
2.630000000000000000e+02	1.928185294804080963e+00	1.398912499161550783e-04	3.775095816090463927e+02
2.660000000000000000e+02	1.950751962017278629e+00	1.407837449043045368e-04	3.670546549014640618e+02
2.680000000000000000e+02	1.965729119351930398e+00	1.413659059613424438e-04	3.603231699858102388e+02
2.710000000000000000e+02	1.988094135013907859e+00	1.422154062641692036e-04	3.505664857904336600e+02
2.720000000000000000e+02	1.995522327151798114e+00	1.424927457911534198e-04	3.474018115046978323e+02
2.760000000000000000e+02	2.025101360694448793e+00	1.435749786012132658e-04	3.351603590546837950e+02
2.770000000000000000e+02	2.032462751640409682e+00	1.438390009868586149e-04	3.322006485578550041e+02
2.810000000000000000e+02	2.061775272484998478e+00	1.448701305411440163e-04	3.207436457579505031e+02
2.820000000000000000e+02	2.069070217896056274e+00	1.451218479044531469e-04	3.179715785295516639e+02
2.860000000000000000e+02	2.098117744492003833e+00	1.461054404272354513e-04	3.072334201557133611e+02
2.870000000000000000e+02	2.105346647789394066e+00	1.463456751330517952e-04	3.046334671868955297e+02
2.910000000000000000e+02	2.134130888006338100e+00	1.472848572310265277e-04	2.945552653417292390e+02
2.920000000000000000e+02	2.141294199501965423e+00	1.475143574110368669e-04	2.921134713481116592e+02
2.960000000000000000e+02	2.169817046610592381e+00	1.484120085893777185e-04	2.826422468511148054e+02
2.970000000000000000e+02	2.176915262378893878e+00	1.486314676411284107e-04	2.803460427314279855e+02
3.010000000000000000e+02	2.205178790087959140e+00	1.494902625592977696e-04	2.714340277772101331e+02
3.020000000000000000e+02	2.212212450620214543e+00	1.497003253483318054e-04	2.692720686294377401e+02
3.060000000000000000e+02	2.240218907312877761e+00	1.505227540780989203e-04	2.608761035871010563e+02
3.080000000000000000e+02	2.254145563952623998e+00	1.509235973937860962e-04	2.568238052556287698e+02
3.110000000000000000e+02	2.274940398285146159e+00	1.515123984922155662e-04	2.509191384947475285e+02
3.130000000000000000e+02	2.288740490078584155e+00	1.518968723139876961e-04	2.470944559305751227e+02
3.160000000000000000e+02	2.309346465457640996e+00	1.524619041111507217e-04	2.415183882767395858e+02
3.180000000000000000e+02	2.323021328018334053e+00	1.528310372688275649e-04	2.379045944457205053e+02
3.210000000000000000e+02	2.343440504491541176e+00	1.533737869114882245e-04	2.326331969008990654e+02
3.240000000000000000e+02	2.363748636005579051e+00	1.539038363809168289e-04	2.275340151363901100e+02
3.260000000000000000e+02	2.377226094558813063e+00	1.542503824698219898e-04	2.242265563745209533e+02
3.300000000000000000e+02	2.404034999566548425e+00	1.549277137890350017e-04	2.178230226524732132e+02
3.310000000000000000e+02	2.410706988303473963e+00	1.550938579548123925e-04	2.162647208988326781e+02
3.350000000000000000e+02	2.437274948168957955e+00	1.557461496806536233e-04	2.101947089181422541e+02
3.360000000000000000e+02	2.443887101557537189e+00	1.559062277867678630e-04	2.087168678066711038e+02
3.400000000000000000e+02	2.470217359427950399e+00	1.565349869980623841e-04	2.029576221794576725e+02
3.410000000000000000e+02	2.476770502898702819e+00	1.566893579956835840e-04	2.015547989108593470e+02
3.450000000000000000e+02	2.502866416544625494e+00	1.572959733533195524e-04	1.960854724824415030e+02
3.470000000000000000e+02	2.515844862983851016e+00	1.575929407107559471e-04	1.934333245628091618e+02
3.500000000000000000e+02	2.535226436517971749e+00	1.580307462192117511e-04	1.895541418577844297e+02
3.530000000000000000e+02	2.554505553021379605e+00	1.584596624753709560e-04	1.857896432347636448e+02
3.550000000000000000e+02	2.567301859648674078e+00	1.587408210735363246e-04	1.833414725038293795e+02
3.590000000000000000e+02	2.592760344646995563e+00	1.592920477975358459e-04	1.785870187495108610e+02
3.600000000000000000e+02	2.599097239137348581e+00	1.594276056347142441e-04	1.774270786835318745e+02
3.640000000000000000e+02	2.624335036840000690e+00	1.599611465247468395e-04	1.728976511241582443e+02
3.660000000000000000e+02	2.636888598966526054e+00	1.602228393432393735e-04	1.706971901025036402e+02
3.690000000000000000e+02	2.655638133023118019e+00	1.606092434122825786e-04	1.674738076919489913e+02
3.720000000000000000e+02	2.674291624600092288e+00	1.609885018030351436e-04	1.643401376545166954e+02
3.740000000000000000e+02	2.686674448538348248e+00	1.612374869814758166e-04	1.622992305874525982e+02
3.780000000000000000e+02	2.711314702897908102e+00	1.617265090305614929e-04	1.583289007393917416e+02
3.790000000000000000e+02	2.717448873723336433e+00	1.618469474310060667e-04	1.573588876911484533e+02
3.830000000000000000e+02	2.741883181257227520e+00	1.623216663872038205e-04	1.535658757516240769e+02
3.850000000000000000e+02	2.754039470756630248e+00	1.625549085560438242e-04	1.517201449055600904e+02
3.880000000000000000e+02	2.772198731098189484e+00	1.628997781979031037e-04	1.490127745114601225e+02
3.920000000000000000e+02	2.796272455481325636e+00	1.633505769568380044e-04	1.455132465829456692e+02
3.930000000000000000e+02	2.802266403739017253e+00	1.634617107794285047e-04	1.446574507084371248e+02
3.970000000000000000e+02	2.826145491092302731e+00	1.639001737943056064e-04	1.413079839537252838e+02
3.990000000000000000e+02	2.838027585279520260e+00	1.641158473415436881e-04	1.396763024932860731e+02
4.020000000000000000e+02	2.855779839495251604e+00	1.644350432487857040e-04	1.372807687477081515e+02
4.060000000000000000e+02	2.879318920509731150e+00	1.648528224377264831e-04	1.341805143568436165e+02
4.070000000000000000e+02	2.885180646188170606e+00	1.649559082319287332e-04	1.334217005191352996e+02
4.110000000000000000e+02	2.908536611508721226e+00	1.653629738090559693e-04	1.304492935007352798e+02
4.130000000000000000e+02	2.920160611468429313e+00	1.655634113373793330e-04	1.289998332037562818e+02
4.160000000000000000e+02	2.937530065344454044e+00	1.658603095009517103e-04	1.268700724239385664e+02
4.200000000000000000e+02	2.960566858804826396e+00	1.662493571440089063e-04	1.241106503300241712e+02
4.210000000000000000e+02	2.966304462351426530e+00	1.663454323406670721e-04	1.234347161965091715e+02
4.250000000000000000e+02	2.989169740085934723e+00	1.667251184267514244e-04	1.207848912787194848e+02
4.280000000000000000e+02	3.006230464010517966e+00	1.670051563490989146e-04	1.188525395394750319e+02
4.300000000000000000e+02	3.017562883754527636e+00	1.671896591883877548e-04	1.175896795997993962e+02
4.340000000000000000e+02	3.040129858039364752e+00	1.675535530118506949e-04	1.151229643907993818e+02
4.350000000000000000e+02	3.045751453354555327e+00	1.676434838012343521e-04	1.145182812230836191e+02
4.390000000000000000e+02	3.068158474858798446e+00	1.679991472535659780e-04	1.121460574194411492e+02
4.430000000000000000e+02	3.090440488095334448e+00	1.683484855345406819e-04	1.098459869925555807e+02
4.440000000000000000e+02	3.095991765469985335e+00	1.684348576206083398e-04	1.092819012697525380e+02
4.480000000000000000e+02	3.118121193136829117e+00	1.687765953052918898e-04	1.070679732334376979e+02
4.500000000000000000e+02	3.129141066139070837e+00	1.689452585898526180e-04	1.059858665310495098e+02
4.530000000000000000e+02	3.145615734813809183e+00	1.691955663440371737e-04	1.043928567300466455e+02
4.570000000000000000e+02	3.167480721244387176e+00	1.695244194970161971e-04	1.023234725876239963e+02
4.580000000000000000e+02	3.172929156944171769e+00	1.696057787996755196e-04	1.018156275743381940e+02
4.620000000000000000e+02	3.194652853466762643e+00	1.699278839826144584e-04	9.982114944945702462e+01
4.660000000000000000e+02	3.216266380898209931e+00	1.702447871425472471e-04	9.788401955013691236e+01
4.670000000000000000e+02	3.221652845124943099e+00	1.703232197264310354e-04	9.740844082756011346e+01
4.710000000000000000e+02	3.243132209301499813e+00	1.706338527554170656e-04	9.553995283033283670e+01
4.740000000000000000e+02	3.259173007724235127e+00	1.708636434468751479e-04	9.417321533723091420e+01
4.760000000000000000e+02	3.269834729581880595e+00	1.710153564685495313e-04	9.327808407238055111e+01
4.800000000000000000e+02	3.291082415948261453e+00	1.713153105872845512e-04	9.152521782207075773e+01
4.830000000000000000e+02	3.306953099039918964e+00	1.715373076081535024e-04	9.024238706464808502e+01
4.850000000000000000e+02	3.317503133760056677e+00	1.716839240185940912e-04	8.940190206583498878e+01
4.890000000000000000e+02	3.338531552317134388e+00	1.719739151027031290e-04	8.775533485829299707e+01
4.910000000000000000e+02	3.349010535909193287e+00	1.721173217139687845e-04	8.694883820044306333e+01
4.940000000000000000e+02	3.364685816670717422e+00	1.723304890442964310e-04	8.575951206822740858e+01
4.980000000000000000e+02	3.385507111012847403e+00	1.726111645180449167e-04	8.421084284284172838e+01
5.000000000000000000e+02	3.395884526095221734e+00	1.727500144773971163e-04	8.345198551328699921e+01
5.030000000000000000e+02	3.411409925958244216e+00	1.729564692846667791e-04	8.233253571024464179e+01
5.070000000000000000e+02	3.432035954971357938e+00	1.732284159381720229e-04	8.087417784812856780e+01
5.090000000000000000e+02	3.442317681831346565e+00	1.733629933266640983e-04	8.015929190531996085e+01
5.120000000000000000e+02	3.457701958805524001e+00	1.735631504173406703e-04	7.910436705832151461e+01
5.160000000000000000e+02	3.478144281629049761e+00	1.738269012166644180e-04	7.772945545098178854e+01
5.170000000000000000e+02	3.483242585839489092e+00	1.738922908477275021e-04	7.739125155032148484e+01
5.210000000000000000e+02	3.503587729996997080e+00	1.741517008492650094e-04	7.605997139894147097e+01
5.250000000000000000e+02	3.523857593951243317e+00	1.744077408821109363e-04	7.476228165725522956e+01
5.260000000000000000e+02	3.528913550965893542e+00	1.744712346458231612e-04	7.444297590741206250e+01
5.300000000000000000e+02	3.549092346467555448e+00	1.747231846188562006e-04	7.318571017906722886e+01
5.340000000000000000e+02	3.569200677653316500e+00	1.749719562869389339e-04	7.195958820338680084e+01
5.360000000000000000e+02	3.579229074474508110e+00	1.750951753178930730e-04	7.135788709944739594e+01
5.390000000000000000e+02	3.594240187689299315e+00	1.752785726596891571e-04	7.046918828758833797e+01
5.430000000000000000e+02	3.614197583977493355e+00	1.755204802418130865e-04	6.930948870761896785e+01
5.450000000000000000e+02	3.624152243773240745e+00	1.756403308353702945e-04	6.874019165325488245e+01
5.480000000000000000e+02	3.639054891258160840e+00	1.758187527307153539e-04	6.789912047797781725e+01
5.520000000000000000e+02	3.658871617395983655e+00	1.760541664037090683e-04	6.680115270833752561e+01
5.550000000000000000e+02	3.673695131661378177e+00	1.762289016941296889e-04	6.599480987038882063e+01
5.570000000000000000e+02	3.683559343084442883e+00	1.763445381192441964e-04	6.546521423785841876e+01
5.610000000000000000e+02	3.703245327659495878e+00	1.765737974994570077e-04	6.442469509126938476e+01
5.640000000000000000e+02	3.717973614150402284e+00	1.767440105004313897e-04	6.366026417239402946e+01
5.660000000000000000e+02	3.727775671605532359e+00	1.768566753498971287e-04	6.315806683127234322e+01
5.700000000000000000e+02	3.747340505623400819e+00	1.770800925782117579e-04	6.217107879374052004e+01
5.740000000000000000e+02	3.766854485210419767e+00	1.773010069509813643e-04	6.120671212326091393e+01
5.750000000000000000e+02	3.771725245481272637e+00	1.773558509256113302e-04	6.096907458682147052e+01
5.790000000000000000e+02	3.791178182322352708e+00	1.775737134620003238e-04	6.003202899463030917e+01
5.830000000000000000e+02	3.810584269228415533e+00	1.777891936073740307e-04	5.911610670650004806e+01
5.840000000000000000e+02	3.815428674255347818e+00	1.778426973615514217e-04	5.889035279493201358e+01
5.880000000000000000e+02	3.834778630794121845e+00	1.780552703901360780e-04	5.799995726645634875e+01
5.920000000000000000e+02	3.854085592951625561e+00	1.782655723217057761e-04	5.712930919220757886e+01
5.940000000000000000e+02	3.863723472920985280e+00	1.783698863048474928e-04	5.670120981673459681e+01
5.970000000000000000e+02	3.878161370181602674e+00	1.785253270890814221e-04	5.606789438948855064e+01
6.010000000000000000e+02	3.897377642272189302e+00	1.787306876139385984e-04	5.523960600920894137e+01
6.050000000000000000e+02	3.916556228623516933e+00	1.789339233591274558e-04	5.442926994864216539e+01
6.060000000000000000e+02	3.921345171674058605e+00	1.789844052382154674e-04	5.422943071588924369e+01
6.100000000000000000e+02	3.940478858249173655e+00	1.791850437701146754e-04	5.344081882222289437e+01
6.140000000000000000e+02	3.959578356075476258e+00	1.793836498978367726e-04	5.266903520288418861e+01
6.150000000000000000e+02	3.964348065873388283e+00	1.794329884564115692e-04	5.247866312963380864e+01
6.190000000000000000e+02	3.983406944983928888e+00	1.796291086630345953e-04	5.172725415250712899e+01
6.230000000000000000e+02	4.002434988485096490e+00	1.798232823137921245e-04	5.099163624007206153e+01
6.260000000000000000e+02	4.016686655302382114e+00	1.799676569537509818e-04	5.045002331713101995e+01
6.280000000000000000e+02	4.026178878367136171e+00	1.800633170968222161e-04	5.009365844636937481e+01
6.320000000000000000e+02	4.045142781050335756e+00	1.802532417109665465e-04	4.939200187940528508e+01
6.360000000000000000e+02	4.064080441318043135e+00	1.804413334428874667e-04	4.870477561850334070e+01
6.370000000000000000e+02	4.068810915346240620e+00	1.804880738423063173e-04	4.853517792819236831e+01
6.410000000000000000e+02	4.087717674222825615e+00	1.806739203901545898e-04	4.786544425794341606e+01
6.450000000000000000e+02	4.106601199971666283e+00	1.808580063305074298e-04	4.720928425715732857e+01
6.480000000000000000e+02	4.120749376512905293e+00	1.809949338319361716e-04	4.672585483184240474e+01
6.500000000000000000e+02	4.130174903137893594e+00	1.810856844115270098e-04	4.640762460242136456e+01
6.540000000000000000e+02	4.149010841555587525e+00	1.812659194651397479e-04	4.578070642131987711e+01
6.580000000000000000e+02	4.167827651290355817e+00	1.814444900796038582e-04	4.516623405418447135e+01
6.600000000000000000e+02	4.177229260808482003e+00	1.815331599457677017e-04	4.486356364388419138e+01
6.630000000000000000e+02	4.191323598451011989e+00	1.816654050209680880e-04	4.441515418095199408e+01
6.670000000000000000e+02	4.210101737568476388e+00	1.818403311139071604e-04	4.382751917815650700e+01
6.710000000000000000e+02	4.228864570539457191e+00	1.820136802919297974e-04	4.325131731016023195e+01
6.720000000000000000e+02	4.233553019037164411e+00	1.820567741785377575e-04	4.310901900884381632e+01
6.760000000000000000e+02	4.252298291425099741e+00	1.822281877767103770e-04	4.254670097135164752e+01
6.800000000000000000e+02	4.271030741125716901e+00	1.823980805260893884e-04	4.199517510901142003e+01
6.830000000000000000e+02	4.285072302944620048e+00	1.825245163850299944e-04	4.158845011727524366e+01
6.850000000000000000e+02	4.294429885733376473e+00	1.826083439986387214e-04	4.132053320911114014e+01
6.890000000000000000e+02	4.313137325247495824e+00	1.827749009716049891e-04	4.079231408570836948e+01
6.930000000000000000e+02	4.331835296390639023e+00	1.829400122339169029e-04	4.027403890311469326e+01
6.950000000000000000e+02	4.341181037647420915e+00	1.830220325708828638e-04	4.001855374101038620e+01
6.980000000000000000e+02	4.355195931363828876e+00	1.831444014946325641e-04	3.963980757391991006e+01
7.020000000000000000e+02	4.373876131434511372e+00	1.833063388929474194e-04	3.914302546730246490e+01
7.060000000000000000e+02	4.392549943825003744e+00	1.834668995288492972e-04	3.865542120639991452e+01
7.070000000000000000e+02	4.397217504056910364e+00	1.835068269309243988e-04	3.853492817123341041e+01
7.110000000000000000e+02	4.415884584495380238e+00	1.836656947840869906e-04	3.805848667195584056e+01
7.150000000000000000e+02	4.434547249901624966e+00	1.838232303483051868e-04	3.759073579503224494e+01
7.190000000000000000e+02	4.453206334822061407e+00	1.839794525932678170e-04	3.713146945765893037e+01
7.200000000000000000e+02	4.457870641919290833e+00	1.840183051199621863e-04	3.701795501755470497e+01
7.240000000000000000e+02	4.476526385089679039e+00	1.841729117147167683e-04	3.656901384432807589e+01
7.280000000000000000e+02	4.495180330027130466e+00	1.843262460162305367e-04	3.612811555050444667e+01
7.320000000000000000e+02	4.513833226130433474e+00	1.844783255562103448e-04	3.569507314750484994e+01
7.330000000000000000e+02	4.518496371575040804e+00	1.845161513997699656e-04	3.558801863802970189e+01
7.370000000000000000e+02	4.537148970084259325e+00	1.846666865178507567e-04	3.516454142101907365e+01
7.410000000000000000e+02	4.555802108712445175e+00	1.848160048329896134e-04	3.474851898749538037e+01
7.450000000000000000e+02	4.574456449985432549e+00	1.849641225791557827e-04	3.433978136264593672e+01
7.460000000000000000e+02	4.579120298268514411e+00	1.850009662950797564e-04	3.423871575377692977e+01
7.500000000000000000e+02	4.597777033020858717e+00	1.851476055983668179e-04	3.383885249723741850e+01
7.540000000000000000e+02	4.616436361119403031e+00	1.852930795413394195e-04	3.344590911579049219e+01
7.580000000000000000e+02	4.635098855503422044e+00	1.854374031952218049e-04	3.305973082771675564e+01
7.590000000000000000e+02	4.639765038285929677e+00	1.854733061106322487e-04	3.296422557875509085e+01
7.630000000000000000e+02	4.658432253102885667e+00	1.856162125986222933e-04	3.258629259944527945e+01
7.670000000000000000e+02	4.677103819302203647e+00	1.857580015271298012e-04	3.221479211666302689e+01
7.710000000000000000e+02	4.695780216381426619e+00	1.858986869346881564e-04	3.184958294449615224e+01
7.720000000000000000e+02	4.700450123844025718e+00	1.859336874796041928e-04	3.175924749598143393e+01
7.760000000000000000e+02	4.719133188474049945e+00	1.860730127675907554e-04	3.140170983714910946e+01
7.800000000000000000e+02	4.737822053334888928e+00	1.862112650360191288e-04	3.105015985850208793e+01
7.840000000000000000e+02	4.756517099281209582e+00	1.863484573969891793e-04	3.070446856520970869e+01
7.850000000000000000e+02	4.761191868191445131e+00	1.863825913802309915e-04	3.061894637928788043e+01
7.890000000000000000e+02	4.779895127816115696e+00	1.865184768476160456e-04	3.028040235717672246e+01
7.930000000000000000e+02	4.798605308740186537e+00	1.866533308979995154e-04	2.994743938902735181e+01
7.970000000000000000e+02	4.817322686417348621e+00	1.867871657819835448e-04	2.961993943288856812e+01
7.980000000000000000e+02	4.822003184377911644e+00	1.868204666708343580e-04	2.953890450722149197e+01
8.020000000000000000e+02	4.840729893377448967e+00	1.869530444520644088e-04	2.921807209958611296e+01
8.060000000000000000e+02	4.859464293026628745e+00	1.870846297561026394e-04	2.890244845301046084e+01
8.100000000000000000e+02	4.878206544803427747e+00	1.872152340580130587e-04	2.859192538456681021e+01
8.120000000000000000e+02	4.887580655582238975e+00	1.872801718627388934e-04	2.843854353715891392e+01
8.150000000000000000e+02	4.901645587418941297e+00	1.873771270444390339e-04	2.821078400609714976e+01
8.190000000000000000e+02	4.920405902894839478e+00	1.875055649502254101e-04	2.791135622783843928e+01
8.230000000000000000e+02	4.939174333276977968e+00	1.876330576828830578e-04	2.761669654901734106e+01
8.260000000000000000e+02	4.953255980587233154e+00	1.877280633360519681e-04	2.739877256944624406e+01
8.280000000000000000e+02	4.962646272617300625e+00	1.877911105511955087e-04	2.725492995877279867e+01
8.320000000000000000e+02	4.981432882155253594e+00	1.879165150403764174e-04	2.697064858910018614e+01
8.360000000000000000e+02	5.000227436817375803e+00	1.880410080501946366e-04	2.669082988368900544e+01
8.400000000000000000e+02	5.019029790029804872e+00	1.881645995406876811e-04	2.641538489495518505e+01
8.410000000000000000e+02	5.023731575216362266e+00	1.881953577018991844e-04	2.634719683205787177e+01
8.450000000000000000e+02	5.042543398538981592e+00	1.883178360434690395e-04	2.607709731834440703e+01
8.490000000000000000e+02	5.061362515685308594e+00	1.884394346421032495e-04	2.581117949061901484e+01
8.530000000000000000e+02	5.080188620484333839e+00	1.885601629079209013e-04	2.554936145105834910e+01
8.550000000000000000e+02	5.089604183113052294e+00	1.886202035618236676e-04	2.541996481647900552e+01
8.580000000000000000e+02	5.103730525330240297e+00	1.887098633923838854e-04	2.522773274926138853e+01
8.620000000000000000e+02	5.122570954533628651e+00	1.888286669442449913e-04	2.497485023045507191e+01
8.660000000000000000e+02	5.141416998709162023e+00	1.889466296099183765e-04	2.472581506880393221e+01
8.700000000000000000e+02	5.160268111059790108e+00	1.890637601280637122e-04	2.448055360537037473e+01
8.710000000000000000e+02	5.164981611029876518e+00	1.890929137429417958e-04	2.441981941935868861e+01
8.750000000000000000e+02	5.183838193746329814e+00	1.892090161465960474e-04	2.417917422146086892e+01
8.790000000000000000e+02	5.202698380691770375e+00	1.893243055100245513e-04	2.394214346390087655e+01
8.830000000000000000e+02	5.221561411064397973e+00	1.894387901351052370e-04	2.370865912630965511e+01
8.850000000000000000e+02	5.230993735190987870e+00	1.894957332155215832e-04	2.359322605571514941e+01
8.880000000000000000e+02	5.245142921812207426e+00	1.895807766288712230e-04	2.359688778155469180e+01
8.920000000000000000e+02	5.264009190263949201e+00	1.896934801251908811e-04	2.371221772030611419e+01
8.960000000000000000e+02	5.282875315728545296e+00	1.898054048550060495e-04	2.382744881448484975e+01
9.000000000000000000e+02	5.301740208624914352e+00	1.899165585470071914e-04	2.394248420863135962e+01
9.010000000000000000e+02	5.306456103367417576e+00	1.899442273781928219e-04	2.397120069385588437e+01
9.050000000000000000e+02	5.325317790740406565e+00	1.900544279303127877e-04	2.408584834450134338e+01
9.090000000000000000e+02	5.344175470539727080e+00	1.901638743732680730e-04	2.420006596982501890e+01
9.130000000000000000e+02	5.363027756088809106e+00	1.902725740548941256e-04	2.431374254978088345e+01
9.170000000000000000e+02	5.381873160007071277e+00	1.903805341986238432e-04	2.442676319199385659e+01
9.180000000000000000e+02	5.386583251454227117e+00	1.904074095190600151e-04	2.445490205603102041e+01
9.220000000000000000e+02	5.405417800482696045e+00	1.905144552395553344e-04	2.456693585656542567e+01
9.260000000000000000e+02	5.424241727726704099e+00	1.906207772954991665e-04	2.467804289686431218e+01
9.330000000000000000e+02	5.457152410124086472e+00	1.908051202064290665e-04	2.486987367757613754e+01
9.490000000000000000e+02	5.532172863944882835e+00	1.912184245099683808e-04	2.529258039612841813e+01
9.650000000000000000e+02	5.606779021150663844e+00	1.916208612126581927e-04	2.568678628607196046e+01
9.820000000000000000e+02	5.685372361542261999e+00	1.920369797591635591e-04	2.606625534919585618e+01
1.000000000000000000e+03	5.767499911457966810e+00	1.924657291842174099e-04	2.641713527400743544e+01
