f	Passivity_index
1.000000000000000000e+00	-1.534773928362014733e-02
2.000000000000000000e+00	-1.587013051786835896e-02
3.000000000000000000e+00	-1.659032587307826198e-02
4.000000000000000000e+00	-1.715430957548454843e-02
5.000000000000000000e+00	-1.745122224826534812e-02
6.000000000000000000e+00	-1.749225543238523001e-02
7.000000000000000000e+00	-1.732231656389937591e-02
8.000000000000000000e+00	-1.698714315017179829e-02
9.000000000000000000e+00	-1.652508138367120641e-02
1.000000000000000000e+01	-1.596678075970177357e-02
1.100000000000000000e+01	-1.533667863054179702e-02
1.200000000000000000e+01	-1.465448712059186885e-02
1.300000000000000000e+01	-1.393631697093716121e-02
1.400000000000000000e+01	-1.319546234778337310e-02
1.500000000000000000e+01	-1.244294269227015637e-02
1.600000000000000000e+01	-1.168788605101040053e-02
1.700000000000000000e+01	-1.093781321160206335e-02
1.800000000000000000e+01	-1.019886011443594392e-02
1.900000000000000000e+01	-9.475961638162364725e-03
2.000000000000000000e+01	-8.773009674742551778e-03
2.100000000000000000e+01	-8.397352610323137803e-03
2.200000000000000000e+01	-8.294047763806759732e-03
2.300000000000000000e+01	-8.192901320936236617e-03
2.400000000000000000e+01	-8.094402916907860943e-03
2.500000000000000000e+01	-7.999025659432798183e-03
2.600000000000000000e+01	-7.907231732185788370e-03
2.700000000000000000e+01	-7.819477990228066236e-03
2.800000000000000000e+01	-7.736220844188679280e-03
2.900000000000000000e+01	-7.657919122312610571e-03
3.000000000000000000e+01	-7.585032865739892334e-03
3.100000000000000000e+01	-7.518014538710062616e-03
3.200000000000000000e+01	-7.457288599187871479e-03
3.300000000000000000e+01	-7.403217776308838524e-03
3.400000000000000000e+01	-7.356059384552045451e-03
3.500000000000000000e+01	-7.315763468526951044e-03
3.600000000000000000e+01	-7.279744694611742575e-03
3.700000000000000000e+01	-7.239912447882511717e-03
3.800000000000000000e+01	-7.200424356821401826e-03
3.900000000000000000e+01	-7.156871197616737623e-03
4.000000000000000000e+01	-7.093586894477858784e-03
4.100000000000000000e+01	-6.997423654135925125e-03
4.200000000000000000e+01	-6.858302686165823094e-03
4.300000000000000000e+01	-6.672782131964172594e-03
4.400000000000000000e+01	-6.444694894435944524e-03
4.500000000000000000e+01	-6.187822388443555907e-03
4.600000000000000000e+01	-5.923402817643791569e-03
4.700000000000000000e+01	-5.672251044048308086e-03
4.800000000000000000e+01	-5.449652721147461333e-03
4.900000000000000000e+01	-5.262681251594353814e-03
5.000000000000000000e+01	-5.110960552446719776e-03
5.100000000000000000e+01	-4.989659536229940247e-03
5.200000000000000000e+01	-4.892539757780299883e-03
5.300000000000000000e+01	-4.813854807815195168e-03
5.400000000000000000e+01	-4.749087853946102125e-03
5.500000000000000000e+01	-4.694999437078339714e-03
5.600000000000000000e+01	-4.649392053865243450e-03
5.700000000000000000e+01	-4.610815105645532132e-03
5.800000000000000000e+01	-4.578301261444722541e-03
5.900000000000000000e+01	-4.551160571635604578e-03
6.000000000000000000e+01	-4.528830219675483715e-03
6.100000000000000000e+01	-4.510799940048586948e-03
6.200000000000000000e+01	-4.496525831624167448e-03
6.300000000000000000e+01	-4.485453220458338573e-03
6.400000000000000000e+01	-4.477006562279815111e-03
6.500000000000000000e+01	-4.470614141327812659e-03
6.600000000000000000e+01	-4.465732292579215230e-03
6.700000000000000000e+01	-4.461866506114273850e-03
6.800000000000000000e+01	-4.458585963928059052e-03
6.900000000000000000e+01	-4.455530590603573940e-03
7.000000000000000000e+01	-4.452411432976067195e-03
7.100000000000000000e+01	-4.449006351541178253e-03
7.300000000000000000e+01	-4.440728377270288484e-03
7.400000000000000000e+01	-4.435662768466540340e-03
7.500000000000000000e+01	-4.429654948694966218e-03
7.700000000000000000e+01	-4.416211952581646123e-03
7.800000000000000000e+01	-4.408228139903922795e-03
7.900000000000000000e+01	-4.399430895319516623e-03
8.100000000000000000e+01	-4.378885717551982137e-03
8.200000000000000000e+01	-4.366528713269801458e-03
8.300000000000000000e+01	-4.352024544010907846e-03
8.400000000000000000e+01	-4.335074282027451265e-03
8.500000000000000000e+01	-4.322647795832681647e-03
8.700000000000000000e+01	-4.306105110279708284e-03
8.800000000000000000e+01	-4.293700363212182673e-03
9.000000000000000000e+01	-4.271201020026981453e-03
9.100000000000000000e+01	-4.257216294380936593e-03
9.300000000000000000e+01	-4.226933844221795328e-03
9.400000000000000000e+01	-4.210943393107424194e-03
9.500000000000000000e+01	-4.194442388647719525e-03
9.600000000000000000e+01	-4.177437145195241237e-03
9.800000000000000000e+01	-4.141899043778649210e-03
1.000000000000000000e+02	-4.104456275126870321e-03
1.010000000000000000e+02	-4.084651316352650580e-03
1.030000000000000000e+02	-5.676883141203764582e-03
1.040000000000000000e+02	-6.445977308521533278e-03
1.050000000000000000e+02	-6.998645199020367413e-03
1.070000000000000000e+02	-7.640708355820285957e-03
1.090000000000000000e+02	-7.874181091407486677e-03
1.100000000000000000e+02	-7.890916571630351983e-03
1.120000000000000000e+02	-7.793136272500778006e-03
1.130000000000000000e+02	-7.697775373455770231e-03
1.140000000000000000e+02	-7.580986429446379127e-03
1.160000000000000000e+02	-7.303547048567463063e-03
1.180000000000000000e+02	-6.992225322251868769e-03
1.200000000000000000e+02	-6.667238623929219732e-03
1.210000000000000000e+02	-6.503873097562326566e-03
1.230000000000000000e+02	-6.181030830750416927e-03
1.250000000000000000e+02	-5.868133930218712158e-03
1.270000000000000000e+02	-5.568430522868997312e-03
1.280000000000000000e+02	-5.423928408046049809e-03
1.290000000000000000e+02	-5.282978657164517922e-03
1.310000000000000000e+02	-5.011126877574462180e-03
1.340000000000000000e+02	-4.624026461053663828e-03
1.350000000000000000e+02	-4.498945205698379191e-03
1.360000000000000000e+02	-4.375078937847658167e-03
1.380000000000000000e+02	-4.129110698814227043e-03
1.410000000000000000e+02	-3.758641399751204426e-03
1.420000000000000000e+02	-3.633756071952945477e-03
1.430000000000000000e+02	-3.508119073402704569e-03
1.460000000000000000e+02	-3.129404471078726935e-03
1.480000000000000000e+02	-2.880568702822293436e-03
1.490000000000000000e+02	-2.759272028234817375e-03
1.510000000000000000e+02	-2.527115592548388745e-03
1.540000000000000000e+02	-2.365361744705243071e-03
1.550000000000000000e+02	-2.319693010048745098e-03
1.560000000000000000e+02	-2.274036238644507046e-03
1.590000000000000000e+02	-2.138165585341445050e-03
1.610000000000000000e+02	-2.049338107956163481e-03
1.620000000000000000e+02	-2.005633031687885977e-03
1.650000000000000000e+02	-1.877729590908835174e-03
1.670000000000000000e+02	-1.795236131943212616e-03
1.680000000000000000e+02	-1.754811739000491011e-03
1.710000000000000000e+02	-1.636678858949812236e-03
1.730000000000000000e+02	-1.560401059561382841e-03
1.740000000000000000e+02	-1.522968459776701498e-03
1.770000000000000000e+02	-1.413396897367155116e-03
1.790000000000000000e+02	-1.342577850759027209e-03
1.800000000000000000e+02	-1.307832860869440061e-03
1.830000000000000000e+02	-1.206272865341752451e-03
1.850000000000000000e+02	-1.140823320532406400e-03
1.860000000000000000e+02	-1.108785769993555831e-03
1.890000000000000000e+02	-1.015462456485045255e-03
1.910000000000000000e+02	-9.556002368829186883e-04
1.930000000000000000e+02	-8.976405817362793785e-04
1.960000000000000000e+02	-8.142858530038782393e-04
1.970000000000000000e+02	-7.874569985400346923e-04
1.990000000000000000e+02	-7.352278346575500789e-04
2.020000000000000000e+02	-6.604264889669914443e-04
2.030000000000000000e+02	-6.364267437230000093e-04
2.060000000000000000e+02	-5.671807997727660536e-04
2.080000000000000000e+02	-5.232688210575086761e-04
2.100000000000000000e+02	-4.811124803985666952e-04
2.130000000000000000e+02	-4.210648934541329083e-04
2.140000000000000000e+02	-4.018774638967028182e-04
2.170000000000000000e+02	-3.467701085561516864e-04
2.190000000000000000e+02	-3.119911704120662552e-04
2.210000000000000000e+02	-2.787103520077019512e-04
2.240000000000000000e+02	-2.314910821249253328e-04
2.250000000000000000e+02	-2.164470416342543764e-04
2.290000000000000000e+02	-1.595827800603643839e-04
2.300000000000000000e+02	-1.461636366330006738e-04
2.330000000000000000e+02	-1.077210344782608979e-04
2.350000000000000000e+02	-8.590934685293659758e-05
2.370000000000000000e+02	-8.339028607395705737e-05
2.400000000000000000e+02	-7.948630523061895540e-05
2.410000000000000000e+02	-7.815591540589089973e-05
2.450000000000000000e+02	-7.271524163654467386e-05
2.460000000000000000e+02	-7.132959679578078404e-05
2.500000000000000000e+02	-6.570713754820054441e-05
2.510000000000000000e+02	-6.428473557611290182e-05
2.540000000000000000e+02	-5.998667808934732493e-05
2.560000000000000000e+02	-5.710146073107860162e-05
2.590000000000000000e+02	-5.275746993133430062e-05
2.610000000000000000e+02	-4.986220861095417900e-05
2.630000000000000000e+02	-4.694984203327567972e-05
2.660000000000000000e+02	-4.250158454319468982e-05
2.680000000000000000e+02	-3.958594031572953818e-05
2.710000000000000000e+02	-3.523016154067357846e-05
2.720000000000000000e+02	-3.378259405905157379e-05
2.760000000000000000e+02	-2.802095961156504469e-05
2.770000000000000000e+02	-2.658898550489257687e-05
2.810000000000000000e+02	-2.090156023521917632e-05
2.820000000000000000e+02	-1.949079885673659160e-05
2.860000000000000000e+02	-1.389724247445614358e-05
2.870000000000000000e+02	-1.251196512270081063e-05
2.910000000000000000e+02	-7.027146637277053154e-06
2.920000000000000000e+02	-5.670566274925497656e-06
2.960000000000000000e+02	-3.055723593141953146e-07
2.970000000000000000e+02	1.019944330558279465e-06
3.010000000000000000e+02	6.257078684057932772e-06
3.020000000000000000e+02	7.549855103562722739e-06
3.060000000000000000e+02	1.265356915590748345e-05
3.080000000000000000e+02	1.516451177561772956e-05
3.110000000000000000e+02	1.887919906691523119e-05
3.130000000000000000e+02	2.132096827117686670e-05
3.160000000000000000e+02	2.493137098784744605e-05
3.180000000000000000e+02	2.730341606158441875e-05
3.210000000000000000e+02	3.080916023984271902e-05
3.240000000000000000e+02	3.425225756703323648e-05
3.260000000000000000e+02	3.651298758073636503e-05
3.300000000000000000e+02	4.095177123025929019e-05
3.310000000000000000e+02	4.204434768180093107e-05
3.350000000000000000e+02	4.634680993335757768e-05
3.360000000000000000e+02	4.740557469988542259e-05
3.400000000000000000e+02	5.157403376574851617e-05
3.410000000000000000e+02	5.259964720681914593e-05
3.450000000000000000e+02	5.663693923561760975e-05
3.470000000000000000e+02	5.861692427041825348e-05
3.500000000000000000e+02	6.153930256769767071e-05
3.530000000000000000e+02	6.440536463969566666e-05
3.550000000000000000e+02	6.628524350695629117e-05
3.590000000000000000e+02	6.997227493830964092e-05
3.600000000000000000e+02	7.087908912037306540e-05
3.640000000000000000e+02	7.444765109088343825e-05
3.660000000000000000e+02	7.619722426637638680e-05
3.690000000000000000e+02	7.877901952947556998e-05
3.720000000000000000e+02	8.131061559074221896e-05
3.740000000000000000e+02	8.297094498265599599e-05
3.780000000000000000e+02	8.622715130671037881e-05
3.790000000000000000e+02	8.702798630227375908e-05
3.830000000000000000e+02	9.017952075461952582e-05
3.850000000000000000e+02	9.172468559363404744e-05
3.880000000000000000e+02	9.400511787854601395e-05
3.920000000000000000e+02	9.697740308624519870e-05
3.930000000000000000e+02	9.770849248602764693e-05
3.970000000000000000e+02	1.005859726758393137e-04
3.990000000000000000e+02	1.019970634067847253e-04
4.020000000000000000e+02	1.040798915202710768e-04
4.060000000000000000e+02	1.067952657181033194e-04
4.070000000000000000e+02	1.074633015768434785e-04
4.110000000000000000e+02	1.100931660575864686e-04
4.130000000000000000e+02	1.113831675056776370e-04
4.160000000000000000e+02	1.105746379160069126e-04
4.200000000000000000e+02	1.086929305334615598e-04
4.210000000000000000e+02	1.082286540200691483e-04
4.250000000000000000e+02	1.061814699946164731e-04
4.280000000000000000e+02	1.040818169643544649e-04
4.300000000000000000e+02	1.027172394899959762e-04
4.340000000000000000e+02	1.000691955908416392e-04
4.350000000000000000e+02	9.942356240584711291e-05
4.390000000000000000e+02	9.690398328685186080e-05
4.430000000000000000e+02	9.448124937392471390e-05
4.440000000000000000e+02	9.389011569737801266e-05
4.480000000000000000e+02	9.158156985390394911e-05
4.500000000000000000e+02	9.045990303259421328e-05
4.530000000000000000e+02	8.881663519473732837e-05
4.570000000000000000e+02	8.669613948729393282e-05
4.580000000000000000e+02	8.617819676662308304e-05
4.620000000000000000e+02	8.415337585407876853e-05
4.660000000000000000e+02	8.220097259709763238e-05
4.670000000000000000e+02	8.172378051393182352e-05
4.710000000000000000e+02	7.985709868196279315e-05
4.740000000000000000e+02	7.849989615732813619e-05
4.760000000000000000e+02	7.761476615818739544e-05
4.800000000000000000e+02	7.589008565500945935e-05
4.830000000000000000e+02	7.463508983266385621e-05
4.850000000000000000e+02	7.381614038589300042e-05
4.890000000000000000e+02	7.221932248499714213e-05
4.910000000000000000e+02	7.144084127697070130e-05
4.940000000000000000e+02	7.029720022238075683e-05
4.980000000000000000e+02	6.881581766200219052e-05
5.000000000000000000e+02	6.809314736346341879e-05
5.030000000000000000e+02	6.703093659195247245e-05
5.070000000000000000e+02	6.565403268224065392e-05
5.090000000000000000e+02	6.498191727937613349e-05
5.120000000000000000e+02	6.399351736387746958e-05
5.160000000000000000e+02	6.271140338470933273e-05
5.170000000000000000e+02	6.239708155747827889e-05
5.210000000000000000e+02	6.116385212992341003e-05
5.250000000000000000e+02	5.996793628572708035e-05
5.260000000000000000e+02	5.967460922214236352e-05
5.300000000000000000e+02	5.852322440876543685e-05
5.340000000000000000e+02	5.740586689551539779e-05
5.360000000000000000e+02	5.685952575691134714e-05
5.390000000000000000e+02	5.605497970224276871e-05
5.430000000000000000e+02	5.500936946858589471e-05
5.450000000000000000e+02	5.449784742836069618e-05
5.480000000000000000e+02	5.374426000488707889e-05
5.520000000000000000e+02	5.276430960419499494e-05
5.550000000000000000e+02	5.204738288954770253e-05
5.570000000000000000e+02	5.157777708431933450e-05
5.610000000000000000e+02	5.065803266766401303e-05
5.640000000000000000e+02	4.998478389715670100e-05
5.660000000000000000e+02	4.954361824598650654e-05
5.700000000000000000e+02	4.867918227485258653e-05
5.740000000000000000e+02	4.783788605729893950e-05
5.750000000000000000e+02	4.763107940955468855e-05
5.790000000000000000e+02	4.681754408791295730e-05
5.830000000000000000e+02	4.602533136776817968e-05
5.840000000000000000e+02	4.583052122148281726e-05
5.880000000000000000e+02	4.506391099261958244e-05
5.920000000000000000e+02	4.431698191622972238e-05
5.940000000000000000e+02	4.395068463603629683e-05
5.970000000000000000e+02	4.340996640043656707e-05
6.010000000000000000e+02	4.270488356193126445e-05
6.050000000000000000e+02	4.201738118576187064e-05
6.060000000000000000e+02	4.184818295887605955e-05
6.100000000000000000e+02	4.118183072013455182e-05
6.140000000000000000e+02	4.053176805220159995e-05
6.150000000000000000e+02	4.037173440020469517e-05
6.190000000000000000e+02	3.974128342072724696e-05
6.230000000000000000e+02	3.912594817069309922e-05
6.260000000000000000e+02	3.867407244135308980e-05
6.280000000000000000e+02	3.837729485949535613e-05
6.320000000000000000e+02	3.779421751493126230e-05
6.360000000000000000e+02	3.722474197689548681e-05
6.370000000000000000e+02	3.708444795765247076e-05
6.410000000000000000e+02	3.653137614535728606e-05
6.450000000000000000e+02	3.599096878692011059e-05
6.480000000000000000e+02	3.559373887510822870e-05
6.500000000000000000e+02	3.533267562358475417e-05
6.540000000000000000e+02	3.481935863586943514e-05
6.580000000000000000e+02	3.431749117875203953e-05
6.600000000000000000e+02	3.407074301438502151e-05
6.630000000000000000e+02	3.370573494814680521e-05
6.670000000000000000e+02	3.322839085662283864e-05
6.710000000000000000e+02	3.276142471900396480e-05
6.720000000000000000e+02	3.264626886123785099e-05
6.760000000000000000e+02	3.219184892557652722e-05
6.800000000000000000e+02	3.174713847595503347e-05
6.830000000000000000e+02	3.141980888818687867e-05
6.850000000000000000e+02	3.120447934121424460e-05
6.890000000000000000e+02	3.078060815159787411e-05
6.930000000000000000e+02	3.036557386086342208e-05
6.950000000000000000e+02	3.016129257986648743e-05
6.980000000000000000e+02	2.985883029449614562e-05
7.020000000000000000e+02	2.946278408702193707e-05
7.060000000000000000e+02	2.907479889314133759e-05
7.070000000000000000e+02	2.897903602622816516e-05
7.110000000000000000e+02	2.860081681450854507e-05
7.150000000000000000e+02	2.823017139582262997e-05
7.190000000000000000e+02	2.786689518168017354e-05
7.200000000000000000e+02	2.777720425525907061e-05
7.240000000000000000e+02	2.742286237817845307e-05
7.280000000000000000e+02	2.707545429988297142e-05
7.320000000000000000e+02	2.673479695256171518e-05
7.330000000000000000e+02	2.665066654521444645e-05
7.370000000000000000e+02	2.631819938956996008e-05
7.410000000000000000e+02	2.599209287246825179e-05
7.450000000000000000e+02	2.567218277521425562e-05
7.460000000000000000e+02	2.559315470678207721e-05
7.500000000000000000e+02	2.528076728944977924e-05
7.540000000000000000e+02	2.497422594478597435e-05
7.580000000000000000e+02	2.467338301004491641e-05
7.590000000000000000e+02	2.459904579737298702e-05
7.630000000000000000e+02	2.430512534272281921e-05
7.670000000000000000e+02	2.401658791139054533e-05
7.710000000000000000e+02	2.373330042391291750e-05
7.720000000000000000e+02	2.366328365629478958e-05
7.760000000000000000e+02	2.338637773717251039e-05
7.800000000000000000e+02	2.311443721038277527e-05
7.840000000000000000e+02	2.284734187585173160e-05
7.850000000000000000e+02	2.278131136761781667e-05
7.890000000000000000e+02	2.252010905004660224e-05
7.930000000000000000e+02	2.226349464133810241e-05
7.970000000000000000e+02	2.201135934521824405e-05
7.980000000000000000e+02	2.194901294375484896e-05
8.020000000000000000e+02	2.170232847424624634e-05
8.060000000000000000e+02	2.145989000797241669e-05
8.100000000000000000e+02	2.122159887167456016e-05
8.120000000000000000e+02	2.110397850807466114e-05
8.150000000000000000e+02	2.092942147032331168e-05
8.190000000000000000e+02	2.070011582332685618e-05
8.230000000000000000e+02	2.047465621277371611e-05
8.260000000000000000e+02	2.030803297743428298e-05
8.280000000000000000e+02	2.019810773798771941e-05
8.320000000000000000e+02	1.998098703023115652e-05
8.360000000000000000e+02	1.976743823294165037e-05
8.400000000000000000e+02	1.955738200557118056e-05
8.410000000000000000e+02	1.950540457721933879e-05
8.450000000000000000e+02	1.929960585981063681e-05
8.490000000000000000e+02	1.909712918858868375e-05
8.530000000000000000e+02	1.889790216024790637e-05
8.550000000000000000e+02	1.879948518074096853e-05
8.580000000000000000e+02	1.865333109134833384e-05
8.620000000000000000e+02	1.846116121267428467e-05
8.660000000000000000e+02	1.827201904255892906e-05
8.700000000000000000e+02	1.808584017675904376e-05
8.710000000000000000e+02	1.803975109419386075e-05
8.750000000000000000e+02	1.785718841092708009e-05
8.790000000000000000e+02	1.767745034075146604e-05
8.830000000000000000e+02	1.750047788247333092e-05
8.850000000000000000e+02	1.741301074551209610e-05
8.880000000000000000e+02	1.728306407381384469e-05
8.920000000000000000e+02	1.711210647471241020e-05
8.960000000000000000e+02	1.694373319528676841e-05
9.000000000000000000e+02	1.677789149687278908e-05
9.010000000000000000e+02	1.673682058140040646e-05
9.050000000000000000e+02	1.657407125626314537e-05
9.090000000000000000e+02	1.641373974085695575e-05
9.130000000000000000e+02	1.625577754888873211e-05
9.170000000000000000e+02	1.610013741840023854e-05
9.180000000000000000e+02	1.606158478271915019e-05
9.220000000000000000e+02	1.590878257135518170e-05
9.260000000000000000e+02	1.575820036665842583e-05
9.330000000000000000e+02	1.549989306520987292e-05
9.490000000000000000e+02	1.493331480507519710e-05
9.650000000000000000e+02	1.439789164834302804e-05
9.820000000000000000e+02	1.386059632340827519e-05
1.000000000000000000e+03	1.332444852790524298e-05
