f	Passivity_index
1.000000000000000000e+00	4.619177620100998398e-07
2.000000000000000000e+00	4.560180458821299480e-07
3.000000000000000000e+00	4.501155149846503795e-07
4.000000000000000000e+00	4.442139849575722603e-07
5.000000000000000000e+00	4.383177460593168699e-07
6.000000000000000000e+00	2.668791772627902221e-07
7.000000000000000000e+00	4.265609654299415718e-07
8.000000000000000000e+00	4.207118119682074341e-07
9.000000000000000000e+00	4.148908317663222233e-07
1.000000000000000000e+01	4.091054375614008973e-07
1.100000000000000000e+01	4.033638315789012867e-07
1.200000000000000000e+01	3.976750654849738921e-07
1.300000000000000000e+01	3.920490983685581474e-07
1.400000000000000000e+01	3.864968540047135759e-07
1.500000000000000000e+01	3.810302731710197660e-07
1.600000000000000000e+01	3.756623586701302163e-07
1.700000000000000000e+01	3.704072092190025720e-07
1.800000000000000000e+01	3.652800367139246552e-07
1.900000000000000000e+01	3.602971589596815307e-07
2.000000000000000000e+01	3.554759603727581434e-07
2.100000000000000000e+01	3.508348076674198681e-07
2.200000000000000000e+01	3.463929047080020903e-07
2.300000000000000000e+01	2.283637011667163797e-07
2.400000000000000000e+01	-1.644729791820692586e-08
2.500000000000000000e+01	-2.630916605582893633e-07
2.600000000000000000e+01	-5.104168085552076527e-07
2.700000000000000000e+01	-7.570096559256002224e-07
2.800000000000000000e+01	-1.001149066023024832e-06
2.900000000000000000e+01	-1.240746455110604816e-06
3.000000000000000000e+01	-1.473269706672332139e-06
3.100000000000000000e+01	-1.695642857511731192e-06
3.200000000000000000e+01	-1.904109291578406021e-06
3.300000000000000000e+01	-2.094037704525293582e-06
3.400000000000000000e+01	-2.259633151212107228e-06
3.500000000000000000e+01	-2.393474277336480670e-06
3.600000000000000000e+01	-2.485647001624417125e-06
3.700000000000000000e+01	-2.521091121299769375e-06
3.800000000000000000e+01	-2.431489008649442049e-06
3.900000000000000000e+01	-2.323040203713659427e-06
4.000000000000000000e+01	-2.094979612644562008e-06
4.100000000000000000e+01	-1.632993271858646319e-06
4.200000000000000000e+01	-8.589898305395021871e-07
4.300000000000000000e+01	2.904981410154607272e-07
4.400000000000000000e+01	2.840719376568733233e-07
4.500000000000000000e+01	2.790337395088941541e-07
4.600000000000000000e+01	2.778671357068249824e-07
4.700000000000000000e+01	2.806011883939804673e-07
4.800000000000000000e+01	2.744986784179883645e-07
4.900000000000000000e+01	2.423367782210532555e-07
5.000000000000000000e+01	2.798059803169001102e-07
5.100000000000000000e+01	2.340669693217934489e-07
5.200000000000000000e+01	2.579619514543649354e-07
5.300000000000000000e+01	2.559313377666648421e-07
5.400000000000000000e+01	2.449915933187033267e-07
5.500000000000000000e+01	2.379158304233108463e-07
5.600000000000000000e+01	2.347133667378655109e-07
5.700000000000000000e+01	2.329119876419973402e-07
5.800000000000000000e+01	2.307944353478870044e-07
5.900000000000000000e+01	2.276138586807430456e-07
6.000000000000000000e+01	2.232244081935602752e-07
6.100000000000000000e+01	2.177681557735928363e-07
6.200000000000000000e+01	2.114921855145042581e-07
6.300000000000000000e+01	2.046570302127210027e-07
6.400000000000000000e+01	1.974965011764045652e-07
6.500000000000000000e+01	1.902037618407241204e-07
6.600000000000000000e+01	1.829298804654486799e-07
6.700000000000000000e+01	1.757877683824473841e-07
6.800000000000000000e+01	1.688580007465031486e-07
6.900000000000000000e+01	1.621948534408610617e-07
7.000000000000000000e+01	1.558318242587365755e-07
7.100000000000000000e+01	1.497863885976135808e-07
7.300000000000000000e+01	1.386609348249693260e-07
7.400000000000000000e+01	1.335674915296122226e-07
7.500000000000000000e+01	1.287692870615493202e-07
7.700000000000000000e+01	1.199880685038612121e-07
7.800000000000000000e+01	1.159663467333178001e-07
7.900000000000000000e+01	1.121639671546422464e-07
8.100000000000000000e+01	1.051389146493400946e-07
8.200000000000000000e+01	1.018787910614166432e-07
8.300000000000000000e+01	9.876348268786675830e-08
8.400000000000000000e+01	9.577669496385619424e-08
8.500000000000000000e+01	9.290322954056982772e-08
8.700000000000000000e+01	8.744097626788912589e-08
8.800000000000000000e+01	8.482723282643702715e-08
9.000000000000000000e+01	7.977977454188618253e-08
9.100000000000000000e+01	7.732701082040481026e-08
9.300000000000000000e+01	7.252222907771249627e-08
9.400000000000000000e+01	7.015606729327119637e-08
9.500000000000000000e+01	6.780579104821305054e-08
9.600000000000000000e+01	6.546598949643560628e-08
9.800000000000000000e+01	6.079896865516831523e-08
1.000000000000000000e+02	5.612227588652580170e-08
1.010000000000000000e+02	-1.710720016283775240e-09
1.030000000000000000e+02	-1.490044723394609410e-07
1.040000000000000000e+02	-2.216490230083091078e-07
1.050000000000000000e+02	-2.934651243244172592e-07
1.070000000000000000e+02	-4.341127934735850488e-07
1.090000000000000000e+02	-5.699332454583693788e-07
1.100000000000000000e+02	-6.357130996123726184e-07
1.120000000000000000e+02	-7.623739665811493088e-07
1.130000000000000000e+02	-8.230023601311219532e-07
1.140000000000000000e+02	-8.816630713774927708e-07
1.160000000000000000e+02	-9.925915532742781539e-07
1.180000000000000000e+02	-1.094196599015380731e-06
1.200000000000000000e+02	-1.185543864147831179e-06
1.210000000000000000e+02	-1.227086827529791834e-06
1.230000000000000000e+02	-1.301359204447337765e-06
1.250000000000000000e+02	-1.363164251753241360e-06
1.270000000000000000e+02	-1.411666043447790883e-06
1.280000000000000000e+02	-1.430673843294377833e-06
1.290000000000000000e+02	-1.446053520280214558e-06
1.310000000000000000e+02	-1.465538552071028657e-06
1.340000000000000000e+02	-1.465151109370498524e-06
1.350000000000000000e+02	-1.456751696840322834e-06
1.360000000000000000e+02	-1.444064912784030484e-06
1.380000000000000000e+02	-1.405470755920653488e-06
1.410000000000000000e+02	-1.313207179680712392e-06
1.420000000000000000e+02	-1.272940221523908112e-06
1.430000000000000000e+02	-1.227774892520576390e-06
1.460000000000000000e+02	-1.062049512559820368e-06
1.480000000000000000e+02	-9.255464876077001232e-07
1.490000000000000000e+02	-8.492436876765437773e-07
1.510000000000000000e+02	-6.801317203750420835e-07
1.540000000000000000e+02	-3.840007956418066805e-07
1.550000000000000000e+02	-2.736508919325362329e-07
1.560000000000000000e+02	-1.573506586623501922e-07
1.590000000000000000e+02	-1.188029985933774974e-07
1.610000000000000000e+02	-1.258168706500098801e-07
1.620000000000000000e+02	-1.293408821779255592e-07
1.650000000000000000e+02	-1.399782523439226127e-07
1.670000000000000000e+02	-1.471219266219671694e-07
1.680000000000000000e+02	-1.507087163686255145e-07
1.710000000000000000e+02	-1.615263429143919021e-07
1.730000000000000000e+02	-1.687837856336994926e-07
1.740000000000000000e+02	-1.724256342823844072e-07
1.770000000000000000e+02	-1.834014985656810762e-07
1.790000000000000000e+02	-1.907589390157053257e-07
1.800000000000000000e+02	-1.944492211022625299e-07
1.830000000000000000e+02	-2.055644371314895010e-07
1.850000000000000000e+02	-2.130100693999986684e-07
1.860000000000000000e+02	-2.167431056588911878e-07
1.890000000000000000e+02	-2.279814837910621088e-07
1.910000000000000000e+02	-2.355051845301299126e-07
1.930000000000000000e+02	-2.430529118873383424e-07
1.960000000000000000e+02	-2.544175578536511365e-07
1.970000000000000000e+02	-2.582168206061825673e-07
1.990000000000000000e+02	-2.658312979063083512e-07
2.020000000000000000e+02	-2.772914259473029583e-07
2.030000000000000000e+02	-2.811213369149431200e-07
2.060000000000000000e+02	-2.926394295824558520e-07
2.080000000000000000e+02	-3.003409477871611071e-07
2.100000000000000000e+02	-3.080599458149845882e-07
2.130000000000000000e+02	-3.196698848683038033e-07
2.140000000000000000e+02	-3.235479576051557104e-07
2.170000000000000000e+02	-3.352054839801080913e-07
2.190000000000000000e+02	-3.429959301002500490e-07
2.210000000000000000e+02	-3.508007933136316927e-07
2.240000000000000000e+02	-3.625340641494020299e-07
2.250000000000000000e+02	-3.664518492119781870e-07
2.290000000000000000e+02	-3.821549889196518935e-07
2.300000000000000000e+02	-3.860885082163059294e-07
2.330000000000000000e+02	-3.979068127475943733e-07
2.350000000000000000e+02	-4.057999828717010166e-07
2.370000000000000000e+02	-4.137041519665684355e-07
2.400000000000000000e+02	-4.255802336075979367e-07
2.410000000000000000e+02	-4.295440387449761746e-07
2.450000000000000000e+02	-4.454236803540175619e-07
2.460000000000000000e+02	-4.493994899831128004e-07
2.500000000000000000e+02	-4.653251269104056229e-07
2.510000000000000000e+02	-4.693119421604518253e-07
2.540000000000000000e+02	-4.812847579304149004e-07
2.560000000000000000e+02	-4.892765757509778903e-07
2.590000000000000000e+02	-5.012784943769169452e-07
2.610000000000000000e+02	-5.092888244636092416e-07
2.630000000000000000e+02	-5.173060734913325918e-07
2.660000000000000000e+02	-5.293443278991629813e-07
2.680000000000000000e+02	-5.373776961713360430e-07
2.710000000000000000e+02	-5.494388907441365747e-07
2.720000000000000000e+02	-5.534621308714619381e-07
2.760000000000000000e+02	-5.695684475737534522e-07
2.770000000000000000e+02	-5.735982078282408417e-07
2.810000000000000000e+02	-5.897290321012776216e-07
2.820000000000000000e+02	-5.937645287012359240e-07
2.860000000000000000e+02	-6.099167511116878236e-07
2.870000000000000000e+02	-6.139572122554547322e-07
2.910000000000000000e+02	-6.301277621170436741e-07
2.920000000000000000e+02	-6.341724235137187278e-07
2.960000000000000000e+02	-6.503582536983179141e-07
2.970000000000000000e+02	-6.544063555484526762e-07
3.010000000000000000e+02	-6.706044299273268616e-07
3.020000000000000000e+02	-6.746552134819832737e-07
3.060000000000000000e+02	-6.908624958620769190e-07
3.080000000000000000e+02	-6.989681994312261110e-07
3.110000000000000000e+02	-7.111286460465872366e-07
3.130000000000000000e+02	-7.192365138423343799e-07
3.160000000000000000e+02	-7.313990556410506922e-07
3.180000000000000000e+02	-7.395075500589426296e-07
3.210000000000000000e+02	-7.516698715884485210e-07
3.240000000000000000e+02	-7.638309407846290652e-07
3.260000000000000000e+02	-7.719372070354362012e-07
3.300000000000000000e+02	-7.881459326056289678e-07
3.310000000000000000e+02	-7.921971360923768839e-07
3.350000000000000000e+02	-8.083970813952021328e-07
3.360000000000000000e+02	-8.124456902051991132e-07
3.400000000000000000e+02	-8.286336478695759586e-07
3.410000000000000000e+02	-8.326788555525272591e-07
3.450000000000000000e+02	-8.488515804774190513e-07
3.470000000000000000e+02	-8.569326194433325535e-07
3.500000000000000000e+02	-8.690467799682176652e-07
3.530000000000000000e+02	-8.811512643525185474e-07
3.550000000000000000e+02	-8.892150986639039180e-07
3.590000000000000000e+02	-9.053275817313363274e-07
3.600000000000000000e+02	-9.093523411242297118e-07
3.640000000000000000e+02	-9.254369108380755951e-07
3.660000000000000000e+02	-9.334700347566368213e-07
3.690000000000000000e+02	-9.455074942524886261e-07
3.720000000000000000e+02	-9.575294495660229229e-07
3.740000000000000000e+02	-9.655350086082378943e-07
3.780000000000000000e+02	-9.815230780822266884e-07
3.790000000000000000e+02	-9.855150884057438387e-07
3.830000000000000000e+02	-1.001462040266052424e-06
3.850000000000000000e+02	-1.009422365245997583e-06
3.880000000000000000e+02	-1.021345611554402371e-06
3.920000000000000000e+02	-1.037209584256749908e-06
3.930000000000000000e+02	-1.041169321789047054e-06
3.970000000000000000e+02	-1.056982165773595824e-06
3.990000000000000000e+02	-1.064872416968330032e-06
4.020000000000000000e+02	-1.076686762231438672e-06
4.060000000000000000e+02	-1.092398432496357857e-06
4.070000000000000000e+02	-1.096318822451981732e-06
4.110000000000000000e+02	-1.111969171591241048e-06
4.130000000000000000e+02	-1.119775105400345745e-06
4.160000000000000000e+02	-1.131459127209688040e-06
4.200000000000000000e+02	-1.146989832755272546e-06
4.210000000000000000e+02	-1.150863693235384076e-06
4.250000000000000000e+02	-1.166322761469344596e-06
4.280000000000000000e+02	-1.177877833354503336e-06
4.300000000000000000e+02	-1.185561977944818833e-06
4.340000000000000000e+02	-1.200882763705059275e-06
4.350000000000000000e+02	-1.204702847242263214e-06
4.390000000000000000e+02	-1.219941615333902332e-06
4.430000000000000000e+02	-1.235112096673408855e-06
4.440000000000000000e+02	-1.238893768899276836e-06
4.480000000000000000e+02	-1.253975552502599302e-06
4.500000000000000000e+02	-1.261488982125606478e-06
4.530000000000000000e+02	-1.272723965570651510e-06
4.570000000000000000e+02	-1.287636755683607035e-06
4.580000000000000000e+02	-1.291352708985205417e-06
4.620000000000000000e+02	-1.306166438929497003e-06
4.660000000000000000e+02	-1.320898267471843187e-06
4.670000000000000000e+02	-1.324568151802393224e-06
4.710000000000000000e+02	-1.339194297560808642e-06
4.740000000000000000e+02	-1.350106821196202761e-06
4.760000000000000000e+02	-1.357354105583821247e-06
4.800000000000000000e+02	-1.371780808551152889e-06
4.830000000000000000e+02	-1.382540309822822310e-06
4.850000000000000000e+02	-1.389683945864889147e-06
4.890000000000000000e+02	-1.403899444304288658e-06
4.910000000000000000e+02	-1.410970731315224098e-06
4.940000000000000000e+02	-1.421531278172021408e-06
4.980000000000000000e+02	-1.435523925420269720e-06
5.000000000000000000e+02	-1.442481859671418563e-06
5.030000000000000000e+02	-1.452869977615447504e-06
5.070000000000000000e+02	-1.466628258630477412e-06
5.090000000000000000e+02	-1.473467106120130298e-06
5.120000000000000000e+02	-1.483674224541558317e-06
5.160000000000000000e+02	-1.497186770085987302e-06
5.170000000000000000e+02	-1.500547363891004376e-06
5.210000000000000000e+02	-1.513918534692265121e-06
5.250000000000000000e+02	-1.527174133003423753e-06
5.260000000000000000e+02	-1.530469718385432868e-06
5.300000000000000000e+02	-1.543577784895499766e-06
5.340000000000000000e+02	-1.556565391668767853e-06
5.360000000000000000e+02	-1.563013351003279233e-06
5.390000000000000000e+02	-1.572627234094625537e-06
5.430000000000000000e+02	-1.585335980281128497e-06
5.450000000000000000e+02	-1.591642717383960445e-06
5.480000000000000000e+02	-1.601042539603677252e-06
5.520000000000000000e+02	-1.613461737467514645e-06
5.550000000000000000e+02	-1.622689577397580253e-06
5.570000000000000000e+02	-1.628799769140182983e-06
5.610000000000000000e+02	-1.640918916157556007e-06
5.640000000000000000e+02	-1.649918692193681614e-06
5.660000000000000000e+02	-1.655875409099712240e-06
5.700000000000000000e+02	-1.667684190149676830e-06
5.740000000000000000e+02	-1.679351769115761899e-06
5.750000000000000000e+02	-1.682246368208910326e-06
5.790000000000000000e+02	-1.693734656286796583e-06
5.830000000000000000e+02	-1.705077301623865728e-06
5.840000000000000000e+02	-1.707889977697490920e-06
5.880000000000000000e+02	-1.719047833293024436e-06
5.920000000000000000e+02	-1.730055687673144329e-06
5.940000000000000000e+02	-1.735502766630019530e-06
5.970000000000000000e+02	-1.743601656986081023e-06
6.010000000000000000e+02	-1.754265046485265732e-06
6.050000000000000000e+02	-1.764772282084015993e-06
6.060000000000000000e+02	-1.767374473645177217e-06
6.100000000000000000e+02	-1.777683903111265074e-06
6.140000000000000000e+02	-1.787833014909001841e-06
6.150000000000000000e+02	-1.790345028771463954e-06
6.190000000000000000e+02	-1.800291176900889751e-06
6.230000000000000000e+02	-1.810072918598571984e-06
6.260000000000000000e+02	-1.817300253395820315e-06
6.280000000000000000e+02	-1.822066167581932680e-06
6.320000000000000000e+02	-1.831471457029118523e-06
6.360000000000000000e+02	-1.840706560432334178e-06
6.370000000000000000e+02	-1.842988539399495051e-06
6.410000000000000000e+02	-1.852008450891869962e-06
6.450000000000000000e+02	-1.860854257314368682e-06
6.480000000000000000e+02	-1.867373319612686454e-06
6.500000000000000000e+02	-1.871664058760063914e-06
6.540000000000000000e+02	-1.880111853027696406e-06
6.580000000000000000e+02	-1.888379991128924284e-06
6.600000000000000000e+02	-1.892446162592622190e-06
6.630000000000000000e+02	-1.898459958214854911e-06
6.670000000000000000e+02	-1.906317730240750491e-06
6.710000000000000000e+02	-1.913990412789303589e-06
6.720000000000000000e+02	-1.915879469622600246e-06
6.760000000000000000e+02	-1.923318470821504805e-06
6.800000000000000000e+02	-1.930568682831996728e-06
6.830000000000000000e+02	-1.935881468399673845e-06
6.850000000000000000e+02	-1.939363481210443639e-06
6.890000000000000000e+02	-1.946182971900513606e-06
6.930000000000000000e+02	-1.952808406945554277e-06
6.950000000000000000e+02	-1.956047852284286213e-06
6.980000000000000000e+02	-1.960814867655898870e-06
7.020000000000000000e+02	-1.966997824222815106e-06
7.060000000000000000e+02	-1.972981537408199411e-06
7.070000000000000000e+02	-1.974446148274883160e-06
7.110000000000000000e+02	-1.980178581874594792e-06
7.150000000000000000e+02	-1.985708217966572539e-06
7.190000000000000000e+02	-1.991033485344273469e-06
7.200000000000000000e+02	-1.992332685789968178e-06
7.240000000000000000e+02	-1.997400289121731150e-06
7.280000000000000000e+02	-2.002260003548456528e-06
7.320000000000000000e+02	-2.006910270355453130e-06
7.330000000000000000e+02	-2.008039928477294255e-06
7.370000000000000000e+02	-2.012426198015100851e-06
7.410000000000000000e+02	-2.016599522357929500e-06
7.450000000000000000e+02	-2.020558350446642676e-06
7.460000000000000000e+02	-2.021514360748885586e-06
7.500000000000000000e+02	-2.025202889044901535e-06
7.540000000000000000e+02	-2.028673434628674348e-06
7.580000000000000000e+02	-2.031924449126639940e-06
7.590000000000000000e+02	-2.032702719481289044e-06
7.630000000000000000e+02	-2.035677141542222880e-06
7.670000000000000000e+02	-2.038428546119653822e-06
7.710000000000000000e+02	-2.040955381908019590e-06
7.720000000000000000e+02	-2.041551820054571155e-06
7.760000000000000000e+02	-2.043795760519260521e-06
7.800000000000000000e+02	-2.045811634435774759e-06
7.840000000000000000e+02	-2.047597883028300789e-06
7.850000000000000000e+02	-2.048008383167044788e-06
7.890000000000000000e+02	-2.049505402710037581e-06
7.930000000000000000e+02	-2.050769276307633321e-06
7.970000000000000000e+02	-2.051798432542126305e-06
7.980000000000000000e+02	-2.052018862402984423e-06
8.020000000000000000e+02	-2.052752404497855678e-06
8.060000000000000000e+02	-2.053247674614852771e-06
8.100000000000000000e+02	-2.053503083935384596e-06
8.120000000000000000e+02	-2.053540342336522723e-06
8.150000000000000000e+02	-2.053482609728045812e-06
8.190000000000000000e+02	-2.053192487683872008e-06
8.230000000000000000e+02	-2.052657293561997294e-06
8.260000000000000000e+02	-2.052094095473308967e-06
8.280000000000000000e+02	-2.051641200180717370e-06
8.320000000000000000e+02	-2.050548659482924090e-06
8.360000000000000000e+02	-2.049205751840058487e-06
8.400000000000000000e+02	-2.047610828966429006e-06
8.410000000000000000e+02	-2.047172526658919355e-06
8.450000000000000000e+02	-2.045260251487579742e-06
8.490000000000000000e+02	-2.043092215400356688e-06
8.530000000000000000e+02	-2.040666736143861598e-06
8.550000000000000000e+02	-2.039356926645421038e-06
8.580000000000000000e+02	-2.037270276961260131e-06
8.620000000000000000e+02	-2.034259341206003440e-06
8.660000000000000000e+02	-2.030985415048454356e-06
8.700000000000000000e+02	-2.027446765098370996e-06
8.710000000000000000e+02	-2.026520535113044646e-06
8.750000000000000000e+02	-2.022648522643165201e-06
8.790000000000000000e+02	-2.018507837297251578e-06
8.830000000000000000e+02	-2.014096700940411775e-06
8.850000000000000000e+02	-2.011789154104137823e-06
8.880000000000000000e+02	-2.008199726459013674e-06
8.920000000000000000e+02	-2.003173498048638266e-06
8.960000000000000000e+02	-1.997870936351209496e-06
9.000000000000000000e+02	-1.992290198210276549e-06
9.010000000000000000e+02	-1.990851330984055479e-06
9.050000000000000000e+02	-1.984920254469707546e-06
9.090000000000000000e+02	-1.978706792508655009e-06
9.130000000000000000e+02	-1.972209045959459663e-06
9.170000000000000000e+02	-1.965425098132275679e-06
9.180000000000000000e+02	-1.963684165878526042e-06
9.220000000000000000e+02	-1.956539742657858501e-06
9.260000000000000000e+02	-1.949104736908252178e-06
9.330000000000000000e+02	-1.935388301390369903e-06
9.490000000000000000e+02	-1.900613954651296623e-06
9.650000000000000000e+02	-1.860969787736686619e-06
9.820000000000000000e+02	-1.813357508706336638e-06
1.000000000000000000e+03	-1.756589802155157700e-06
